
strategic_region={
	id=32
	name="STRATEGICREGION_32"
	provinces={
		611 795 1258 1484 2103 2748 2804 3014 3191 3315 4049 4088 4461 4573 4719 4755 4819 4859 4956 5013 5071 5823 5916 6306 6575 6904 7110 7443 7912 8347 8881 8980 9007 9046 9391 9420 9610 9804 9816 10276 10338 10344 10348 10349 10355 10367 10370 10385 10401 10413 10466 10470 10494 10502 10535 10595 10644 12693 17253 17257 17261 17263 17268 17883 17886 17889 17893 17896 17899 17905 17908 17911 17913 17922 17925 17938 17940 17941 17943 17945 17949 17950 17952 17953 17954 17960 17962 17966 17970 17974 17977 17978 17980 17982 17984 17985 17989 17990 17991 17994 17997 17998 17999 18002 18005 18006 18007 18014 18018 18019 18021 18022 18024 18027 18032 18034 18036 18038 18042 18043 18044 18045 18047 18049 18051 18053 18056 18057 18064 18069 18070 18075 18077 18078 18084 18085 18086 18102 18119 18120 18122 18129 18150 18152 18160 18161 18242 18912 18916 18918 20457 20468 20569 20574 20604 20648 20656 20678 20690 20776 20823 20830 20831 20977 21017 21030 21044 21101 21666 21678 21683 21686 21690 21691 21693 21697 21698 
	}
	weather={
	}
}
