
strategic_region={
	id=33
	name="STRATEGICREGION_33"
	provinces={
		2 114 376 506 573 713 786 1026 1040 1066 1091 1471 1495 1621 1636 1700 1830 2026 2076 2108 2405 2751 2826 3065 3364 3450 3516 3818 3855 3878 3912 4092 4204 4288 4453 4982 4998 5138 5223 5232 5238 5386 5465 5499 5577 5584 5746 5806 5953 6014 6044 6295 6340 6497 6661 6791 6801 6979 7037 7119 7137 7260 7408 7524 7581 7691 7818 7828 7943 8022 8221 8704 8763 9191 9247 9370 9400 9449 9466 9480 9715 9716 9743 9877 10131 10239 10665 10699 10713 10716 10719 10730 10748 10749 10773 10778 10782 10793 10800 10803 10811 10816 10824 10835 10845 10848 10863 10874 10888 10890 10905 10917 10920 10929 10937 10945 10946 10952 10959 10967 10982 10992 11016 11024 11034 11041 11435 15013 17739 17740 17741 17743 17746 17749 17758 17760 17762 17765 17767 17768 17771 17774 17776 17778 17783 17785 17786 17788 17791 17792 17796 17799 17802 17803 17804 17806 17807 17810 17814 17817 17818 17820 17823 17827 17831 17834 17835 17841 17844 17846 17847 17848 17851 17855 17856 17861 17864 17869 17871 17873 17876 17877 17879 17880 17887 17888 17892 17895 17898 18028 18349 19217 19376 19398 19399 19436 19437 19491 19515 19532 19537 19557 19577 19610 19623 19640 19641 19649 19710 19754 19866 19961 19967 20194 20379 21532 21573 21608 21659 21699 21902 
	}
	weather={
	}
}
