
strategic_region={
	id=34
	name="STRATEGICREGION_34"
	provinces={
		239 321 390 764 938 955 1130 1195 1421 1513 1658 1721 1973 2063 2282 2303 2441 2523 2586 2591 2768 2859 2876 2977 2984 3407 3665 3677 3767 3833 4113 4155 4207 4236 4450 4460 4484 4487 4726 4754 4768 5036 5239 5250 5252 5366 5403 5834 5889 6046 6133 6231 6320 6638 6973 7080 7107 7212 7420 7559 7562 7572 7605 7787 8026 8533 8866 8997 9144 9308 9591 9709 9714 9842 10821 10825 10833 10864 10881 10896 10903 10906 10907 10935 10947 10953 10974 10995 11014 11039 11042 11047 11069 11072 11110 11118 11141 11148 11151 11154 11156 11178 11194 11208 11209 11247 11254 11258 11260 11280 11383 15018 15021 17286 18966 19069 19094 19881 20140 20155 20156 20281 20361 20513 20636 20694 20770 20813 20879 20893 20896 20950 21015 21027 21245 21291 21489 21495 21553 21580 21581 
	}
	weather={
	}
}
