
strategic_region={
	id=38
	name="STRATEGICREGION_38"
	provinces={
		48 629 770 1121 1165 1228 1531 1801 2172 2205 2485 2837 3312 3340 3671 5414 5446 5585 6519 6533 6543 6571 6913 7008 7039 7411 7576 7660 7729 7830 7986 8453 8692 9040 9475 9570 9668 10247 11325 11350 11352 11381 11390 11402 11414 11426 11427 11439 11455 11510 11514 11528 11529 11547 11552 11596 11603 11657 11672 11685 11711 18228 18928 18971 19000 21418 21422 21423 21424 21425 21429 21433 21855 21856 21857 21858 21859 21860 21861 21863 
	}
	weather={
	}
}
