
strategic_region={
	id=39
	name="STRATEGICREGION_39"
	provinces={
		346 539 542 667 1078 1240 1502 1850 2246 2276 2454 2700 3231 3300 3509 3626 3825 3841 4123 4396 4697 5147 5675 5887 6022 6242 6356 6757 6923 7121 7166 7538 8040 8185 8430 8630 8669 8986 9395 9422 9688 9738 10913 10949 10956 10986 11005 11006 11029 11115 11146 11163 11188 11237 11238 11242 11243 11277 11287 11288 11302 11326 14961 15947 17371 18008 18009 18026 18929 21436 21437 21438 21439 21445 21447 21452 21460 21499 21507 21531 21554 21561 21582 21841 21862 21864 21865 21866 21867 21868 21869 21870 21871 21872 21873 21874 21875 
	}
	weather={
	}
}
