
strategic_region={
	id=42
	name="STRATEGICREGION_42"
	provinces={
		8 158 298 315 343 458 1055 1568 1614 2081 2268 2969 3158 3985 4019 4505 5346 5388 5517 6023 6061 6300 6388 6632 6644 7066 7181 7304 8921 9274 9526 9902 9944 9956 10061 10068 10072 10093 10120 11959 16385 17234 17247 17265 17266 17271 17272 17273 17276 17277 17279 17281 17282 17283 17287 17288 17290 17302 17303 17306 17307 17309 17313 17983 18425 18432 18440 18450 18466 18468 18477 18479 18486 18490 18497 18511 18522 18524 18529 18539 18544 18550 18551 18568 18573 18575 18579 18586 18592 18603 18609 18611 18621 18624 18639 18640 18645 18647 18650 18656 18661 18666 18669 18672 18682 18688 18690 18706 18710 18712 18714 18718 18744 18746 18754 18756 18761 18766 18774 18791 18795 18814 18816 18829 18830 18835 18843 18847 18848 18857 18860 18864 18866 18869 18873 18894 19476 19836 19931 19936 19952 19962 19968 19977 19987 19988 20017 20038 20039 20044 20063 20064 20069 20070 20088 20089 20093 20095 20100 20104 20119 20126 20135 20137 20153 20165 20168 20170 20171 20174 20178 20179 20180 20181 20187 20188 20189 20190 20197 20198 20200 20201 20202 20205 20217 20218 20219 20226 20227 20231 20232 20237 20238 20241 20249 20254 20255 20259 20260 20266 20267 20268 20269 20286 20289 20295 20299 20300 20304 20305 20308 20309 20312 20317 20318 20325 20326 20328 20331 20332 20335 20336 20338 20339 20340 20347 20351 20352 20358 20359 20360 20369 20370 20371 20372 20377 20383 20390 20391 20395 20396 20404 20405 20409 20413 20414 20415 20420 20421 20425 20426 20429 20430 20439 20440 20447 20448 20451 20452 20453 20456 20458 20466 20467 20472 20473 20474 20479 20480 20481 20493 20494 20495 20497 20498 20499 20505 20506 20517 20519 20520 20525 20526 20529 20530 20536 20540 20542 20543 20544 20546 20549 20550 20553 20554 20559 20560 20561 20567 20568 20573 20576 20579 20584 20585 20586 20587 20589 20590 20595 20601 20602 20603 20609 20614 20618 20619 20620 20624 20632 20635 20637 20643 20644 20645 20646 20647 20650 20651 20652 20653 20657 20658 20664 20665 20666 20667 20671 20674 20675 20676 20684 20685 20689 20692 20695 20696 20704 20705 20706 20712 20713 20714 20717 20718 20725 20729 20732 20736 20737 20738 20740 20741 20743 20746 20748 20749 20752 20756 20757 20761 20762 20763 20764 20767 20768 20773 20774 20775 20778 20783 20784 20789 20790 20791 20798 20799 20803 20806 20807 20808 20810 20812 20819 20820 20821 20822 20829 20835 20844 20845 20849 20851 20852 20854 20855 20856 20859 20861 20862 20866 20873 20880 20885 20886 20889 20897 20898 20900 20901 20910 20911 20915 20916 20917 20925 20926 20927 20930 20931 20934 20941 20943 20945 20949 20954 20955 20957 20968 20969 20970 20973 20985 20986 20987 21000 21001 21008 21009 21010 21014 21021 21026 21028 21039 21048 21052 21069 21070 21078 21079 21082 21095 21096 21123 21127 21128 21129 21130 21131 21141 21142 21164 21181 21190 21191 21192 21198 21201 21220 21222 21223 21244 21250 21258 21262 21269 21273 21349 21790 21791 
	}
	weather={
		period={
			between={ 0.0 30.0 }
			temperature={ -31.0 -3.0 }
			no_phenomenon=0.250
			rain_light=0.000
			rain_heavy=0.000
			snow=0.300
			blizzard=0.150
			arctic_water=0.000
			mud=0.300
			sandstorm=0.000
			min_snow_level=0.100
		}
		period={
			between={ 0.1 27.1 }
			temperature={ -27.0 -3.0 }
			no_phenomenon=0.250
			rain_light=0.000
			rain_heavy=0.000
			snow=0.400
			blizzard=0.200
			arctic_water=0.000
			mud=0.300
			sandstorm=0.000
			min_snow_level=0.100
		}
		period={
			between={ 0.2 30.2 }
			temperature={ -24.0 -1.0 }
			no_phenomenon=0.300
			rain_light=0.000
			rain_heavy=0.000
			snow=0.300
			blizzard=0.100
			arctic_water=0.000
			mud=0.300
			sandstorm=0.000
			min_snow_level=0.000
		}
		period={
			between={ 0.3 29.3 }
			temperature={ -13.0 8.0 }
			no_phenomenon=0.500
			rain_light=0.120
			rain_heavy=0.060
			snow=0.030
			blizzard=0.000
			arctic_water=0.000
			mud=0.300
			sandstorm=0.000
			min_snow_level=0.000
		}
		period={
			between={ 0.4 30.4 }
			temperature={ -5.0 14.0 }
			no_phenomenon=0.400
			rain_light=0.150
			rain_heavy=0.050
			snow=0.000
			blizzard=0.000
			arctic_water=0.000
			mud=0.300
			sandstorm=0.000
			min_snow_level=0.000
		}
		period={
			between={ 0.5 29.5 }
			temperature={ 3.0 20.0 }
			no_phenomenon=0.400
			rain_light=0.150
			rain_heavy=0.050
			snow=0.000
			blizzard=0.000
			arctic_water=0.000
			mud=0.300
			sandstorm=0.000
			min_snow_level=0.000
		}
		period={
			between={ 0.6 30.6 }
			temperature={ 6.0 25.0 }
			no_phenomenon=0.500
			rain_light=0.150
			rain_heavy=0.050
			snow=0.000
			blizzard=0.000
			arctic_water=0.000
			mud=0.300
			sandstorm=0.000
			min_snow_level=0.000
		}
		period={
			between={ 0.7 30.7 }
			temperature={ 4.0 22.0 }
			no_phenomenon=0.500
			rain_light=0.200
			rain_heavy=0.050
			snow=0.000
			blizzard=0.000
			arctic_water=0.000
			mud=0.300
			sandstorm=0.000
			min_snow_level=0.000
		}
		period={
			between={ 0.8 29.8 }
			temperature={ -3.0 15.0 }
			no_phenomenon=0.500
			rain_light=0.250
			rain_heavy=0.070
			snow=0.000
			blizzard=0.000
			arctic_water=0.000
			mud=0.300
			sandstorm=0.000
			min_snow_level=0.000
		}
		period={
			between={ 0.9 30.9 }
			temperature={ -11.0 8.0 }
			no_phenomenon=0.500
			rain_light=0.150
			rain_heavy=0.050
			snow=0.200
			blizzard=0.000
			arctic_water=0.000
			mud=0.300
			sandstorm=0.000
			min_snow_level=0.000
		}
		period={
			between={ 0.10 29.10 }
			temperature={ -19.0 3.0 }
			no_phenomenon=0.350
			rain_light=0.180
			rain_heavy=0.050
			snow=0.400
			blizzard=0.200
			arctic_water=0.000
			mud=0.300
			sandstorm=0.000
			min_snow_level=0.000
		}
		period={
			between={ 0.11 30.11 }
			temperature={ -31.0 -1.0 }
			no_phenomenon=0.250
			rain_light=0.000
			rain_heavy=0.000
			snow=0.600
			blizzard=0.250
			arctic_water=0.000
			mud=0.300
			sandstorm=0.000
			min_snow_level=0.100
		}
	}
}
