
strategic_region={
	id=43
	name="STRATEGICREGION_43"
	provinces={
		275 395 556 1042 1045 1403 1654 1966 2463 2717 2878 2920 3080 3442 3975 4141 4150 4625 4925 4945 5051 5081 5103 5156 5177 5830 6013 6297 6442 6743 6786 6802 6903 6957 7359 7815 8064 8613 8628 8777 8856 8880 8978 9256 9306 9431 9476 9616 10526 10566 10568 10572 10613 10614 10622 10627 10637 10639 10661 10681 10686 10700 10701 10704 10720 10721 10752 10774 10784 10790 10794 10812 10822 10838 10854 10857 17562 17566 17580 17596 17607 17610 17611 17627 19035 19065 20548 20607 20640 20721 20785 21018 21152 21272 21285 21293 21317 21322 21615 21638 21643 21646 21655 21656 21660 21661 21662 21665 21667 21668 21669 21670 21671 21673 
	}
	weather={
	}
}
