
strategic_region={
	id=44
	name="STRATEGICREGION_44"
	provinces={
		12 608 659 884 990 1076 1185 1322 1433 1467 1646 2041 2049 2252 2447 2694 2800 3643 3904 4196 4368 4475 5208 5343 5407 6084 6088 6419 6558 6568 6668 6887 6925 7051 7308 7924 8365 9312 9414 9999 10119 10140 10147 10157 10170 10191 10194 10197 10210 10218 10241 10252 10277 16555 16646 17226 17227 17232 17241 17248 17250 17321 17324 18261 18268 18276 18280 18281 18283 18299 18305 18306 18309 18312 18314 18316 18321 18335 18344 18347 18350 18363 18375 18377 18384 18386 18393 18402 18411 18414 18421 18431 18967 18974 19093 19119 19138 19156 19504 19582 20545 20597 20641 20642 20672 20700 20747 20759 20781 20782 20787 20818 20827 20837 20840 20891 20904 20935 20944 20956 20971 20979 20998 21036 21066 21067 21072 21146 21724 21725 21777 
	}
	weather={
	}
}
