
strategic_region={
	id=45
	name="STRATEGICREGION_45"
	provinces={
		29 138 179 275 394 435 453 509 659 1045 1076 1158 1258 1433 1484 1545 1623 1646 1965 2009 2037 2041 2049 2335 2447 2578 2717 2748 2765 2878 3077 3145 3164 3191 3245 3251 3315 3499 3536 3643 3674 3693 3742 3814 3895 3904 4014 4049 4088 4141 4216 4285 4351 4408 4461 4466 4475 4573 4625 4698 4755 4956 5013 5043 5071 5103 5144 5159 5206 5376 5438 5657 5663 6005 6013 6018 6086 6306 6419 6558 6568 6931 6990 7000 7051 7110 7308 7456 7641 7716 7913 7924 8064 8114 8126 8302 8347 8365 8503 8507 8515 8586 8594 8595 8613 8628 8861 8880 8884 9007 9155 9331 9391 9414 9431 9490 9557 9617 9720 9768 9804 9880 9999 10210 10217 10219 10235 10236 10237 10241 10252 10262 10264 10277 10278 10279 10284 10296 10300 10301 10308 10309 10316 10320 10343 10344 10351 10355 10356 10367 10370 10372 10373 10381 10385 10394 10395 10410 10413 10421 10422 10431 10446 10451 10460 10466 10467 10490 10494 10516 10526 10531 10547 10566 10572 10595 10622 14971 15193 15455 17327 17375 17591 17627 17637 17642 17644 17646 17647 17655 17656 17659 17661 17664 17667 17671 17679 17684 17687 18045 18285 18288 18295 19091 19119 19365 19390 19620 19629 19633 19661 19675 19677 19693 19697 19701 19714 19727 19734 19739 19747 19772 19773 19788 19804 19822 19856 19857 20022 20054 20408 20471 20489 20490 20508 20541 20545 20564 20594 20598 20599 20640 20721 20722 20735 20739 20827 20831 20837 20850 20891 20935 20944 20971 20977 20979 20998 21017 21018 21019 21030 21036 21044 21066 21072 21101 21146 21331 21665 21666 21667 21670 21671 21673 21674 21675 21676 21678 21683 21684 21686 21687 21688 21689 21690 21691 21692 21693 21694 21695 21696 21894 21897 21899 21900 
	}
	weather={
	}
}
