
strategic_region={
	id=46
	name="STRATEGICREGION_46"
	provinces={
		162 227 329 864 872 924 1124 1230 1496 1596 1685 2247 2709 2805 2847 2960 3437 3545 4229 4245 4798 4799 5139 5189 5516 6018 6164 6167 6281 6499 6503 6843 6953 7061 7082 7176 7218 7519 8201 8507 8716 8743 8884 8946 9005 9044 9201 9286 9824 10229 10253 10257 10267 10294 10302 10305 10310 10312 10319 10324 10326 10333 10358 10361 10364 10373 10382 10411 10431 10531 15276 15400 17330 18149 18286 19447 19456 19465 19466 19496 19534 19538 19593 19600 19612 19620 19624 19630 19633 19643 19659 19668 19686 19693 19694 19702 19708 19714 19715 19722 19727 19735 19748 19769 19774 19784 19789 19794 19795 19796 19812 19818 19819 19822 19828 19842 19853 19857 19862 19890 19891 19900 19901 19902 19911 19919 19925 19929 19930 19942 19944 19950 19953 19989 19993 20012 20013 20026 20027 20032 20048 20059 20078 20101 20147 20154 20182 20208 20233 20248 20273 20284 20327 20450 20735 20908 21090 21108 21114 21208 21211 21234 21259 21270 21297 21298 21303 21330 21343 21356 21363 21366 21373 21381 21393 21394 21395 21398 21403 21704 21705 21708 21710 21712 21714 21716 21717 21718 21721 21722 21801 21878 21879 21880 21881 21882 21885 21887 21888 21889 21890 21891 21895 21896 21898 
	}
	weather={
	}
}
