
strategic_region={
	id=47
	name="STRATEGICREGION_47"
	provinces={
		250 253 263 301 437 580 899 1060 1061 1078 1085 1100 1124 1159 1162 1338 1349 1426 1440 1496 1519 1552 1596 1605 1607 1632 1729 1858 1882 1898 2148 2246 2307 2425 2454 2457 2537 2611 2652 2709 2742 2803 3429 3507 3509 3602 3625 3725 3750 3762 3870 3918 3925 4052 4150 4153 4234 4468 4481 4534 4587 4697 4869 4882 5006 5077 5147 5153 5173 5244 5253 5497 5730 5798 6111 6164 6281 6310 6481 6522 6551 6582 6919 6955 6987 7007 7330 7373 7400 7519 7795 7855 8060 8062 8118 8199 8201 8216 8312 8328 8409 8412 8615 8743 8832 8981 9005 9321 9395 9462 9606 9711 9786 10134 10273 10305 10310 10321 10324 10331 10365 10366 10379 10403 10412 10468 10473 10536 10537 10541 10571 10589 10605 10683 10691 10710 10761 10834 10836 10867 10913 10941 10956 10986 11005 11006 11029 11096 11273 15594 16706 16826 16946 17333 17336 17348 17354 17371 17815 18015 19040 19391 19859 19955 19974 19975 19976 19991 20005 20021 20035 20053 20060 20074 20107 20111 20112 20146 20193 20247 20263 20302 20314 20315 20344 20444 20511 21193 21236 21252 21335 21435 21440 21441 21442 21443 21444 21446 21448 21449 21453 21457 21458 21463 21465 21473 21477 21481 21497 21499 21500 21509 21512 21551 21564 21566 21592 21595 21602 21615 21616 21633 21637 21638 21640 21644 21700 21701 21702 21703 21704 21705 21707 21709 21711 21713 21767 21834 21836 21839 21840 21841 21842 21843 21844 21845 21846 21847 21848 21849 21873 21876 21877 21881 21883 21884 21885 21886 21887 21891 
	}
	weather={
	}
}
