
strategic_region={
	id=48
	name="STRATEGICREGION_48"
	provinces={
		50 162 298 329 388 747 843 864 872 924 1055 1124 1230 1244 1496 1596 1685 1691 1785 1854 1923 2008 2346 2460 2752 2847 2900 2958 3306 3422 3545 3750 3905 4027 4082 4098 4229 4278 4370 4418 4547 4656 4798 4842 5139 5189 5256 5286 5388 5782 6061 6062 6110 6118 6164 6300 6499 6503 6527 6539 6843 6919 6985 7018 7066 7112 7176 7183 7218 7400 7470 7519 7547 7592 7712 8380 8537 8627 8716 8884 8946 9005 9039 9044 9083 9089 9201 9216 9286 9417 9429 9526 10082 10153 10179 10182 10198 10201 10203 10211 10220 10221 10223 10225 10229 10232 10242 10248 10253 10257 10267 10270 10273 10274 10286 10294 10302 10303 10305 10310 10313 10319 10324 10326 10333 10339 10342 10352 10358 10362 10531 15276 17317 17329 17330 17333 17983 18087 18090 18092 18097 18100 18106 18113 18116 18117 18149 19447 19456 19465 19466 19496 19534 19538 19556 19560 19561 19593 19600 19612 19613 19620 19624 19625 19630 19633 19635 19643 19650 19653 19654 19659 19660 19668 19686 19687 19693 19694 19702 19703 19708 19714 19715 19722 19723 19727 19735 19746 19748 19749 19762 19764 19765 19769 19774 19780 19781 19784 19789 19790 19794 19795 19796 19797 19812 19813 19818 19819 19822 19823 19824 19828 19829 19833 19836 19842 19845 19853 19854 19855 19857 19858 19862 19863 19869 19870 19876 19877 19885 19886 19890 19891 19895 19896 19899 19900 19901 19902 19904 19906 19911 19913 19919 19920 19921 19922 19925 19926 19929 19930 19931 19932 19937 19942 19944 19953 19959 19969 19970 19979 19980 19989 19993 19994 19995 19999 20003 20008 20012 20013 20018 20019 20020 20026 20027 20029 20030 20032 20044 20045 20048 20049 20059 20064 20072 20073 20075 20078 20079 20081 20089 20096 20101 20102 20105 20106 20110 20114 20120 20126 20133 20141 20147 20148 20149 20150 20154 20168 20171 20175 20178 20182 20202 20203 20206 20214 20217 20218 20219 20220 20221 20225 20227 20233 20238 20240 20245 20247 20248 20249 20254 20255 20259 20260 20268 20269 20273 20282 20284 20300 20306 20309 20322 20327 20328 20336 20339 20340 20360 20371 20372 20374 20377 20378 20391 20394 20396 20405 20409 20414 20415 20418 20421 20426 20429 20430 20450 20453 20458 20467 20481 20493 20494 20495 20498 20499 20520 20526 20530 20536 20544 20561 20567 20568 20576 20579 20586 20587 20590 20595 20602 20603 20614 20619 20620 20652 20653 20675 20676 20695 20696 20705 20706 20713 20714 20718 20732 20735 20737 20746 20748 20749 20762 20763 20764 20768 20775 20791 20807 20808 20821 20822 20829 20835 20844 20845 20852 20856 20862 20866 20873 20880 20897 20898 20908 20910 20911 20915 20916 20917 20930 20931 20934 20943 20945 20955 20957 20968 20969 20970 20985 20986 20987 21001 21008 21009 21010 21014 21028 21039 21048 21052 21069 21070 21078 21079 21082 21090 21095 21096 21098 21142 21173 21198 21208 21211 21234 21240 21259 21297 21298 21301 21303 21319 21330 21349 21356 21357 21359 21361 21363 21366 21370 21373 21377 21385 21392 21394 21395 21398 21403 21704 21705 21706 21707 21708 21709 21710 21711 21712 21713 21714 21715 21716 21717 21718 21719 21720 21721 21722 21723 21726 21727 21728 21729 21730 21731 21758 21759 21760 21761 21762 21763 21764 21765 21766 21768 21773 21776 21782 21783 21786 21787 21788 21792 21793 21794 21795 21796 21797 21801 21834 21836 21881 21885 21887 21888 21889 21890 21895 21896 21898 
	}
	weather={
	}
}
