
strategic_region={
	id=49
	name="STRATEGICREGION_49"
	provinces={
		1 33 256 278 291 296 500 512 599 676 835 895 1007 1024 1099 1106 1115 1117 1186 1201 1221 1318 1342 1419 1462 1727 1809 1930 1932 1955 2014 2111 2192 2256 2322 2356 2448 2473 2486 2541 2547 2554 2592 2614 2643 2651 2893 2909 2911 3002 3058 3066 3108 3110 3194 3257 3288 3297 3375 3376 3414 3427 3453 3537 3550 3614 3757 3842 3859 3907 3948 4000 4055 4060 4256 4291 4315 4318 4344 4426 4577 4585 4796 4834 4837 4913 5020 5053 5102 5148 5220 5222 5317 5421 5433 5613 5647 5766 6032 6201 6245 6257 6385 6435 6505 6511 6649 6658 6687 6753 6934 6968 7071 7100 7186 7189 7195 7283 7438 7484 7599 7643 7658 7663 7695 7711 7892 8072 8514 8653 8747 8827 8972 9065 9465 9521 9522 9623 9674 9755 9769 9912 9925 9960 9987 10025 10048 10056 10103 10127 10155 10161 10183 10193 10202 10233 10234 10254 10256 10265 10268 10292 10306 10314 10317 10325 10328 10347 10350 10357 10371 10376 10383 10384 10397 10399 10423 10452 10458 10498 10499 10507 10530 10542 10549 10553 10558 10594 10615 10673 10684 10714 10724 10770 10775 11939 14592 15019 15239 16731 17245 17246 17259 17260 17264 17267 17299 17301 17310 17311 17312 17314 17315 17322 17328 17332 17334 17335 17338 17339 17340 17343 17349 17351 17357 17361 17363 17900 17916 17920 17929 18039 18048 18052 18066 18953 18954 18955 18956 18957 18959 18962 18963 18965 18969 18975 18976 18984 18985 18986 18988 18990 18991 19009 19016 19019 19026 19032 19033 19034 19037 19038 19049 19054 19056 19062 19066 19073 19074 19075 19076 19079 19085 19092 19096 19100 19102 19111 19118 19121 19129 19132 19133 19141 19145 19146 19148 19149 19150 19151 19167 19174 19175 19181 19186 19191 19195 19199 19201 19206 19210 19211 19214 19219 19220 19224 19230 19232 19233 19234 19239 19243 19244 19245 19250 19251 19261 19263 19264 19273 19274 19281 19282 19283 19287 19291 19303 19304 19306 19307 19310 19311 19318 19322 19333 19335 19340 19341 19347 19350 19353 19354 19358 19359 19362 19367 19369 19373 19381 19382 19383 19385 19387 19392 19400 19401 19402 19406 19407 19410 19411 19414 19415 19425 19427 19428 19429 19430 19431 19432 19438 19439 19440 19451 19457 19458 19460 19461 19467 19468 19473 19474 19478 19494 19497 19500 19501 19502 19505 19513 19516 19517 19519 19520 19523 19528 19535 19541 19542 19553 19558 19566 19570 19571 19572 19574 19575 19578 19579 19589 19594 19595 19598 19601 19602 19603 19604 19614 19618 19626 19636 19637 19644 19651 19655 19664 19665 19669 19678 19679 19683 19689 19698 19704 19711 19716 19717 19724 19728 19729 19730 19736 19740 19742 19743 19744 19750 19755 19756 19757 19766 19775 19776 19782 19785 19798 19799 19800 19801 19814 19815 19820 19825 19826 19830 19831 19832 19837 19838 19846 19847 19864 19865 19871 19878 19879 19882 19887 19888 19892 19897 19898 19903 19907 19909 19912 19915 19927 19933 19938 19939 19940 19947 19948 19949 19954 19958 19963 19971 19972 19973 19981 19982 19990 19997 20000 20004 20009 20011 20014 20015 20028 20031 20033 20034 20036 20040 20041 20050 20051 20052 20062 20065 20066 20082 20083 20090 20091 20092 20097 20103 20109 20115 20121 20122 20124 20127 20128 20129 20130 20131 20132 20136 20145 20151 20157 20160 20164 20169 20176 20177 20183 20191 20192 20195 20199 20204 20207 20222 20223 20234 20235 20239 20242 20243 20246 20256 20257 20261 20262 20270 20271 20272 20274 20275 20276 20283 20287 20288 20290 20291 20292 20296 20301 20307 20310 20311 20313 20319 20329 20333 20334 20337 20341 20343 20348 20349 20353 20357 20362 20363 20364 20365 20373 20384 20385 20393 20397 20398 20399 20406 20407 20410 20411 20416 20417 20422 20423 20424 20427 20431 20432 20435 20437 20438 20441 20442 20443 20445 20449 20454 20459 20460 20469 20470 20475 20476 20482 20483 20484 20487 20488 20496 20500 20501 20507 20510 20514 20518 20521 20522 20531 20532 20533 20534 20537 20547 20551 20555 20562 20563 20570 20571 20575 20580 20581 20588 20591 20592 20593 20596 20605 20606 20611 20612 20627 20628 20630 20638 20639 20649 20654 20655 20660 20661 20662 20670 20677 20680 20681 20683 20691 20697 20699 20703 20707 20715 20719 20720 20727 20730 20733 20742 20751 20753 20754 20758 20769 20771 20777 20779 20780 20786 20792 20793 20794 20795 20796 20804 20809 20814 20816 20825 20826 20842 20846 20847 20848 20853 20857 20863 20867 20874 20875 20876 20878 20881 20882 20883 20887 20890 20894 20895 20902 20903 20907 20912 20913 20918 20922 20923 20928 20932 20938 20939 20940 20946 20958 20959 20964 20965 20966 20975 20976 20978 20988 20990 20991 20994 20997 21002 21003 21011 21016 21023 21029 21035 21040 21041 21043 21049 21053 21054 21057 21061 21065 21071 21073 21075 21084 21085 21089 21091 21092 21097 21099 21100 21109 21110 21111 21115 21116 21119 21124 21125 21126 21134 21135 21139 21143 21144 21145 21149 21150 21154 21155 21170 21174 21175 21176 21177 21178 21183 21184 21186 21187 21188 21189 21194 21195 21203 21209 21212 21214 21215 21216 21217 21224 21229 21230 21231 21232 21235 21238 21241 21243 21248 21249 21253 21256 21257 21271 21275 21277 21278 21281 21282 21284 21292 21299 21300 21304 21305 21306 21311 21312 21313 21318 21324 21327 21328 21333 21334 21340 21341 21344 21355 21358 21360 21362 21364 21365 21371 21379 21383 21384 21387 21400 21414 21597 21679 21680 21685 21732 21743 21744 21746 21747 21748 21749 21750 21798 21799 21800 21802 21803 21804 21805 
	}
	weather={
	}
}
