
strategic_region={
	id=50
	name="STRATEGICREGION_50"
	provinces={
		37 73 88 91 145 210 246 277 438 476 519 521 547 594 600 607 636 648 668 762 816 834 860 948 1034 1063 1087 1112 1127 1153 1189 1265 1288 1339 1385 1627 1657 1705 1918 2022 2077 2078 2121 2214 2285 2292 2293 2358 2363 2472 2478 2530 2597 2645 2646 2668 2685 2695 2749 2755 2762 2776 2780 2957 2979 3015 3050 3060 3151 3182 3294 3338 3380 3392 3543 3835 3877 3982 4011 4346 4430 4581 4610 4802 4880 4901 5039 5105 5119 5131 5182 5197 5211 5237 5249 5327 5349 5380 5424 5630 5680 5685 5688 5715 5728 5856 5864 5915 5926 5985 6083 6237 6292 6353 6394 6507 6633 6715 6847 6916 7206 7217 7281 7312 7352 7409 7520 7617 7649 7810 7917 8375 8414 8485 8617 8634 8689 8712 8762 8911 8930 8977 9070 9082 9412 9427 9730 9759 9935 9962 9996 10057 10063 10113 10126 10152 10177 10195 10206 10214 10215 10249 10251 10266 10269 10280 10281 10293 10295 10297 10307 10311 10334 10408 10428 10453 10511 10515 10564 10579 10596 10601 10645 10711 10770 10847 17238 17254 17255 17269 17274 17275 17326 17331 17337 17759 17775 17794 17843 17919 18041 18058 18764 18973 18979 18992 18995 18999 19002 19005 19010 19015 19017 19020 19023 19041 19045 19046 19048 19050 19052 19058 19059 19060 19063 19064 19067 19068 19077 19078 19080 19081 19082 19089 19090 19095 19097 19098 19103 19104 19105 19106 19108 19109 19110 19112 19113 19114 19115 19122 19123 19124 19125 19126 19128 19130 19131 19139 19142 19143 19155 19157 19158 19159 19160 19164 19165 19166 19168 19170 19171 19172 19176 19177 19182 19187 19188 19189 19192 19193 19196 19197 19198 19202 19204 19207 19209 19212 19215 19216 19225 19226 19228 19231 19235 19236 19240 19241 19246 19247 19248 19249 19252 19254 19255 19256 19258 19259 19262 19267 19268 19271 19275 19276 19277 19278 19284 19285 19286 19289 19290 19292 19293 19295 19298 19299 19300 19301 19305 19308 19309 19312 19313 19315 19316 19319 19323 19324 19325 19326 19327 19328 19330 19331 19334 19336 19337 19338 19343 19344 19345 19346 19351 19356 19360 19361 19363 19364 19378 19379 19380 19384 19388 19393 19394 19395 19396 19408 19409 19412 19416 19417 19418 19419 19434 19435 19441 19442 19448 19452 19454 19459 19463 19464 19469 19470 19471 19482 19483 19487 19488 19498 19503 19506 19507 19510 19511 19514 19518 19521 19524 19525 19526 19529 19531 19536 19539 19545 19547 19550 19552 19562 19563 19567 19576 19580 19581 19584 19585 19586 19590 19591 19592 19596 19597 19605 19611 19615 19619 19621 19622 19627 19631 19638 19639 19646 19647 19648 19656 19666 19670 19671 19680 19684 19685 19690 19691 19695 19699 19700 19705 19706 19709 19721 19725 19726 19731 19737 19741 19745 19751 19758 19760 19763 19767 19777 19791 19792 19802 19803 19805 19806 19807 19827 19848 19893 19908 19910 19928 19934 19945 19983 20016 20251 20297 20615 21055 21076 21138 21735 21736 21737 21738 21739 21740 21741 21742 21745 
	}
	weather={
	}
}
