
strategic_region={
	id=54
	name="STRATEGICREGION_54"
	provinces={
		23 54 81 103 129 133 140 153 157 159 163 170 215 228 257 268 305 322 337 344 345 360 361 383 399 421 433 448 494 499 501 543 570 584 593 602 618 650 677 686 688 699 732 751 753 775 780 791 810 829 830 831 858 871 880 898 901 945 951 973 981 988 1098 1125 1131 1132 1163 1182 1184 1198 1251 1301 1340 1358 1365 1391 1393 1437 1452 1456 1457 1465 1477 1510 1512 1524 1526 1567 1640 1667 1678 1703 1704 1709 1725 1756 1764 1772 1791 1795 1856 1873 1888 1889 1897 1972 2015 2030 2059 2083 2091 2100 2144 2163 2182 2190 2191 2217 2219 2245 2253 2308 2355 2413 2434 2490 2495 2510 2567 2574 2580 2615 2640 2657 2659 2691 2753 2814 2838 2869 2918 2929 2947 2985 2997 3021 3052 3059 3078 3095 3205 3224 3230 3233 3238 3256 3282 3304 3333 3371 3388 3390 3439 3478 3513 3547 3555 3557 3585 3587 3600 3605 3611 3651 3652 3672 3683 3684 3695 3733 3748 3760 3770 3783 3786 3804 3805 3836 3846 3853 3897 3993 4003 4023 4033 4045 4062 4065 4075 4133 4143 4160 4169 4173 4210 4246 4272 4287 4310 4320 4362 4369 4387 4417 4423 4561 4568 4624 4636 4652 4654 4663 4681 4682 4730 4735 4749 4763 4813 4825 4876 4899 4903 4917 4967 4986 4992 4995 5055 5073 5085 5118 5134 5172 5180 5194 5198 5209 5229 5246 5293 5294 5316 5318 5341 5436 5449 5466 5530 5541 5547 5596 5605 5608 5632 5677 5683 5716 5724 5727 5790 5796 5831 5861 5867 5903 5907 5909 5937 5960 6021 6039 6040 6059 6064 6159 6188 6190 6195 6206 6324 6332 6380 6389 6437 6448 6469 6475 6478 6502 6578 6617 6642 6670 6692 6767 6775 6790 6808 6812 6854 6857 6946 6992 7012 7015 7035 7075 7077 7105 7118 7141 7145 7155 7160 7226 7243 7289 7372 7432 7491 7506 7579 7620 7655 7709 7749 7758 7759 7804 7850 7925 7936 7944 7952 7989 8058 8063 8142 8155 8160 8173 8176 8370 8376 8388 8419 8422 8456 8467 8481 8484 8578 8622 8677 8738 8746 8757 9019 9067 9077 9149 9162 9169 9222 9272 9562 9690 9751 9819 9833 9856 9861 9892 9896 9910 9950 9977 9983 9986 9991 9992 10032 10035 10045 10047 10049 10050 10055 10060 10081 10085 10086 10099 10114 10116 10122 10125 10128 10129 10143 10148 10158 10163 10174 10187 10192 10213 10224 10271 10346 10393 10427 10433 10438 10445 10456 10457 10472 10475 10476 10479 10481 10506 10551 10552 10569 10600 10602 10638 10650 10679 10717 10750 10795 10804 10805 10807 10813 10818 10819 10839 10849 10879 10891 10897 10898 10904 10914 10960 10963 10968 10987 11007 11018 11035 11050 11064 11066 11085 11092 11093 11100 11105 11164 11169 11200 11223 11228 12614 12667 12730 12819 16614 17344 17346 17347 17350 17359 17362 17370 17379 17733 17995 18010 18016 18037 18046 18735 18914 18930 19144 19229 19771 20161 20293 20320 20342 20629 20659 20668 20669 20698 20702 20726 20734 20750 20765 20815 20824 20836 20858 21147 21151 21179 21204 21225 21228 21237 21239 21260 21265 21266 21267 21276 21280 21283 21288 21289 21290 21294 21296 21302 21314 21315 21320 21321 21325 21326 21329 21337 21339 21342 21345 21346 21347 21348 21351 21353 21367 21368 21369 21372 21374 21375 21376 21378 21380 21382 21386 21388 21389 21390 21391 21396 21397 21450 21451 21454 21456 21459 21461 21462 21464 21466 21467 21468 21469 21470 21471 21472 21474 21475 21476 21478 21479 21480 21482 21483 21484 21485 21486 21487 21488 21490 21491 21492 21493 21494 21496 21498 21501 21502 21503 21505 21506 21508 21510 21511 21513 21514 21515 21516 21517 21518 21519 21520 21521 21522 21523 21524 21525 21526 21527 21528 21529 21530 21533 21534 21535 21536 21537 21538 21539 21540 21541 21542 21543 21544 21545 21546 21547 21548 21549 21550 21552 21555 21556 21557 21558 21559 21560 21562 21563 21565 21567 21568 21569 21570 21571 21572 21574 21575 21576 21577 21578 21579 21583 21584 21585 21586 21587 21588 21589 21590 21591 21593 21594 21596 21598 21599 21600 21601 21603 21604 21605 21606 21607 21609 21610 21611 21612 21613 21614 21617 21618 21619 21620 21621 21622 21623 21624 21625 21626 21627 21628 21629 21630 21631 21632 21634 21635 21636 21639 21641 21642 21645 21647 21648 21649 21650 21651 21652 21653 21654 21657 21658 21663 21664 21672 21677 21681 21682 21757 21771 21808 21812 21813 21816 21817 21821 21822 21824 21826 21828 21830 21832 
	}
	weather={
	}
}
