
strategic_region={
	id=55
	name="STRATEGICREGION_55"
	provinces={
		5 7 26 27 67 141 183 185 197 206 235 251 265 272 292 311 316 324 368 369 374 389 417 430 432 444 456 462 489 496 510 540 562 597 605 615 670 672 698 778 783 789 793 805 868 890 922 923 927 936 939 957 985 1012 1022 1054 1059 1075 1109 1122 1156 1181 1199 1206 1208 1249 1255 1257 1282 1352 1383 1386 1392 1417 1443 1483 1534 1553 1560 1561 1564 1565 1573 1574 1608 1610 1624 1639 1641 1642 1648 1692 1789 1797 1803 1827 1845 1862 1899 1943 1949 1951 2025 2029 2034 2038 2043 2069 2080 2094 2125 2142 2145 2147 2170 2187 2236 2254 2264 2272 2294 2418 2423 2429 2477 2562 2631 2632 2653 2677 2730 2739 2785 2794 2824 2857 2884 2904 2933 2991 3009 3016 3043 3061 3081 3083 3099 3128 3130 3131 3134 3147 3170 3265 3266 3323 3430 3538 3548 3565 3570 3582 3619 3621 3666 3669 3675 3697 3700 3718 3769 3793 3799 3812 3817 3880 3883 3884 3929 3995 4007 4017 4041 4175 4189 4222 4235 4273 4293 4336 4345 4378 4413 4432 4441 4442 4443 4478 4503 4524 4591 4600 4602 4615 4635 4644 4649 4722 4723 4742 4811 4816 4818 4824 4846 4881 4885 4910 5015 5019 5083 5086 5106 5126 5127 5133 5181 5207 5241 5262 5328 5377 5389 5408 5475 5494 5504 5506 5555 5567 5579 5592 5614 5666 5694 5729 5784 5785 5840 5846 5875 5879 5901 5912 5934 5951 6033 6060 6117 6120 6132 6147 6187 6262 6337 6338 6371 6395 6453 6489 6492 6513 6567 6589 6591 6625 6630 6639 6680 6694 6707 6751 6766 6779 6789 6829 6837 6845 6885 6956 6995 7020 7025 7096 7103 7126 7147 7153 7164 7249 7286 7300 7318 7348 7405 7426 7446 7498 7505 7531 7551 7558 7561 7570 7636 7642 7684 7739 7769 7770 7774 7786 7827 7839 7852 7867 7880 7896 7911 7930 7942 7948 7964 8005 8035 8037 8041 8045 8084 8100 8139 8243 8281 8284 8297 8298 8300 8306 8451 8471 8474 8488 8521 8545 8554 8587 8601 8624 8651 8662 8672 8706 8767 8794 8799 8831 8877 8896 8945 8967 8974 8976 9023 9037 9047 9051 9052 9148 9161 9172 9197 9239 9249 9314 9324 9351 9388 9538 9571 9622 9901 9936 9939 9941 9951 9953 9959 9964 9971 9982 9998 10013 10026 10028 10100 10101 10139 10141 10145 10171 10186 10199 10227 10332 10363 11210 11319 11369 11394 11409 11415 11416 11418 11440 11441 11444 11453 11496 11517 11522 11530 11549 11553 11575 11579 11583 11610 11613 11617 11623 11624 11626 11641 11645 11649 11662 11663 11664 11666 11673 11686 11690 11694 11695 11700 11703 11704 11706 11712 11719 11726 11731 11746 11747 11754 11755 11770 11795 11796 11799 11817 11822 11823 11828 11829 11837 11851 11852 11853 11863 11865 11886 11908 11915 11921 11931 11932 11945 11951 11965 11967 11968 11983 11987 11992 11993 11994 12011 12020 12025 12044 12047 12054 12055 12061 12068 12076 12080 12083 12084 12085 12090 12094 12101 12112 12115 12116 12119 12123 12132 12136 12141 12145 12168 12187 12194 12202 12220 12225 12227 12232 12236 12244 12250 12277 12285 12291 12306 12351 12392 12448 15264 15430 16046 17225 17256 17380 17382 17383 17387 17388 17389 17392 17393 17399 18256 18263 18293 18767 18778 18803 18805 18939 18940 19397 19426 19522 19606 19662 20745 20760 20872 20914 20974 20983 21006 21007 21013 21022 21033 21034 21046 21047 21058 21059 21062 21063 21068 21081 21088 21094 21107 21132 21153 21158 21159 21161 21162 21165 21166 21168 21169 21172 21182 21185 21196 21197 21200 21202 21205 21206 21207 21213 21219 21221 21227 21233 21242 21246 21247 21251 21254 21255 21263 21264 21268 21286 21287 21295 21307 21309 21310 21316 21323 21332 21336 21338 21350 21354 21399 21401 21402 21404 21405 21406 21407 21408 21409 21410 21411 21412 21413 21415 21416 21455 21806 21807 21809 21810 21811 21814 21815 21818 21819 21820 21823 21825 21827 21829 21831 21833 21835 21837 21838 21851 21852 21853 
	}
	weather={
	}
}
