2 14 10850 9091 3497 8046 15037 17504 17515 17527 5008 10647 17551 10617 17572 9731 
1 3 17504 17513 1522 
2 10 5008 10647 17547 10671 17536 10658 15039 17543 17549 10641 
1 6 10671 17558 10607 17592 10559 17618 
2 7 3932 5538 17622 17618 17626 10520 17639 
1 6 10641 17570 7265 17588 17598 10559 
1 8 5008 10741 17512 7791 17506 10760 10725 6624 
3 14 5008 2310 17516 17506 10760 10725 10732 10763 17508 10742 17524 4631 14972 17539 
2 6 10732 17519 17529 17534 2740 17539 
1 4 10617 17545 17552 17544 
1 4 17539 2740 17538 17544 
2 12 10742 17509 17510 6426 17514 17523 17520 17530 5956 15007 14972 17539 
2 9 17539 15014 1446 17541 5582 17561 8334 17590 17597 
4 9 17597 17590 17595 6101 9218 2559 17554 17548 17539 
2 9 17541 5582 17556 17557 17569 9793 5108 6770 17597 
3 12 17539 17548 17554 2559 17573 17578 17583 17584 17582 9396 17581 9731 
3 7 17539 17548 14950 13587 10603 17587 6101 
1 5 10607 17565 17586 17593 9731 
2 5 17592 5183 17609 17593 9731 
3 6 6101 17605 17603 17606 17600 9731 
4 24 6101 17620 17629 7377 10471 17651 17660 7628 17686 10378 17695 17694 17699 5627 10337 7616 9016 10004 17705 17704 17707 10107 10095 17712 
1 6 7628 17682 17670 17653 5939 7377 
2 4 17694 17693 7825 6261 
3 15 9731 17593 17609 10520 17639 3896 17658 9580 17669 6261 7825 7026 10497 5578 10840 
1 5 3896 17658 10429 17649 17648 
4 7 9731 17599 17614 17623 17641 10464 10429 
3 6 17603 17613 4653 10509 17635 17648 
1 3 17648 17650 17660 
1 3 10471 17650 17648 
1 3 10471 10495 10509 
2 10 17680 7381 17676 17668 10405 17636 17628 17608 4249 10597 
1 6 7381 17689 17691 1064 17696 5717 
1 6 17628 17636 8263 17633 17634 17657 
2 8 17628 4594 3106 17616 5259 17631 17643 17654 
1 6 17631 5259 10543 17604 7564 10570 
1 5 17576 17563 17560 10623 10646 
1 3 10623 3283 17604 
1 2 7564 17616 
2 11 17515 17512 17516 18921 4353 6624 17537 17544 17538 2740 17539 
2 5 17705 17709 5254 18920 6196 
1 5 6196 14991 10916 5994 17936 
1 7 10497 17692 9878 9990 2944 9966 10840 
1 8 17708 17713 7454 17930 10124 10289 17703 10840 
1 4 5994 10200 10375 17719 
1 2 10004 10840 
1 7 17712 10244 6682 17718 10071 17720 6196 
2 92 6415 1056 1346 11429 2399 9207 4047 3577 7050 4790 9133 10388 13512 13602 19039 1851 2432 17753 9784 17777 17763 17764 17927 17958 17957 18941 17969 17972 17973 17992 7574 18003 18000 18001 334 18054 18326 18333 238 18337 18338 18944 18348 18351 166 18352 18355 18443 4840 18456 18549 18548 18628 18634 18638 17901 3856 19218 19221 19203 19184 19169 218 10226 10250 10634 21734 6274 19044 19086 10706 2427 4984 18050 19053 21733 7290 1324 5653 19048 19060 19082 10596 21735 21736 2530 19126 1918 19143 19160 10579 5380 
2 3 11628 1407 1056 
1 5 1178 11457 2995 13520 1056 
1 6 17906 17907 17928 17934 17931 17927 
1 77 19674 17812 10165 10532 10539 10578 1917 10672 17819 17805 17808 17809 17816 9796 17906 17907 17910 17909 17939 17944 17955 17951 18072 18081 2756 18071 18362 5260 18372 18394 18388 18415 18417 4617 18419 18301 18300 18310 18304 18439 18441 18499 18491 7021 18607 10386 18655 1711 7597 18707 18595 19372 19366 19371 6421 19455 6341 19479 19543 10205 1748 19692 19707 19712 4429 1726 4159 19592 19656 600 19581 7281 19511 19471 19507 19464 10269 
1 3 334 18318 18315 
2 20 3856 18279 10377 18707 18738 18949 19486 4463 19573 19628 19696 19738 19787 19867 19914 19984 20042 20185 20298 12013 
1 54 12013 20387 20433 20380 20047 20463 20428 9397 21903 5543 11336 4732 6746 6216 9116 10023 11364 7792 21906 17325 20616 3910 20682 4867 20617 19676 20633 6538 1870 1146 3629 6070 1213 8703 7951 282 20832 779 20755 20869 20833 20811 20744 10022 10019 20838 20828 20800 4152 20801 20766 20834 707 20802 
1 12 7866 1368 3952 10092 2004 4918 1509 5295 7953 11363 2545 3629 
