
state={
	id=100
	name="STATE_100"

	history={
		owner = ACH
		add_core_of = ACH
		victory_points = {
			6923 7 
		}
		victory_points = {
			9422 3 
		}

	}

	provinces={
		346 539 667 1078 1240 1502 1850 2246 2454 2700 3509 3626 3825 4123 4396 4697 5147 5887 6242 6757 6923 7121 7166 7538 8040 8185 8430 8630 8986 9395 9422 9738 10913 10949 10956 10986 11005 11006 11029 11115 11146 11163 11188 11238 11243 11287 11288 11302 11326 14961 15947 17371 18008 18009 18929 21437 21445 21447 21452 21460 21499 21507 21531 21554 21561 21582 21841 21870 21871 21872 21873 21874 21875 
	}
	manpower=1400000
	buildings_max_level_factor=1.000
	state_category=pastoral
	local_supplies=0.000
}
