
state={
	id=1128
	name="STATE_1128"

	history={
		owner = CPU
		add_core_of = CPU
		victory_points = {
			18315 3
		}
		buildings = {
			infrastructure = 2
			industrial_complex = 4
			arms_factory = 2
		}
	}

	provinces={
		238 815 1389 2124 2903 3148 3204 4242 4617 5260 5786 6477 8001 8560 10417 10439 10503 10628 17884 17885 18101 18103 18104 18107 18111 18114 18121 18124 18126 18132 18148 18154 18155 18159 18165 18175 18181 18294 18315 18318 18319 18322 18323 18326 18327 18328 18333 18336 18337 18338 18340 18341 18348 18351 18361 18362 18366 18372 18374 18376 18378 18381 18383 18387 18388 18390 18394 18397 18398 18403 18406 18412 18413 18415 18417 18419 18424 18426 18428 18437 18944 18945 
	}
	manpower=1988506
	buildings_max_level_factor=1.000
	state_category=city
	local_supplies=0.000
}
