
state={
	id=113
	name="STATE_113"

	history={
		owner = KHA
		add_core_of = KHA

	}

	provinces={
		114 376 506 573 1040 1066 1091 1621 1830 2405 2751 2826 2865 3516 3855 3878 3912 4204 4453 5465 5584 5746 5806 6014 6295 6340 6497 6661 6801 6979 7119 7137 7524 7691 7818 7828 8022 8763 9191 9247 9370 9400 9449 9466 9480 9702 9743 9877 10239 10665 10699 10719 10749 10778 10782 10803 10811 10816 10824 10845 10863 10905 10937 10945 10952 10959 10982 10992 11021 11024 11034 11041 11435 17739 17740 17741 17743 17746 17749 17758 17765 17768 17774 17776 17783 17785 17786 17796 17802 17803 17806 17810 17818 17820 17827 17831 17834 17835 17841 17844 17846 17847 17848 17851 17855 17856 17861 17864 17871 17873 17877 17879 17880 17887 17888 17892 17895 17898 18028 18349 19376 19399 19491 19515 19557 19577 19610 19623 19640 19641 19754 19873 19961 20194 20379 21659 21699 
	}
	manpower=1
	buildings_max_level_factor=1.000
	state_category=pastoral
	local_supplies=0.000
}
