
state={
	id=1137
	name="STATE_1137"

	history={
		owner = GAZ
		add_core_of = GAZ

	}

	provinces={
		2486 17299 17301 17310 17311 17312 17314 17315 17322 18039 18052 18066 19825 19887 19897 19912 19915 19927 19938 19947 19954 19971 20009 20014 20033 20050 20051 20065 20066 20090 20097 20115 20121 20127 20128 20129 20136 20157 20176 20191 20192 20199 20234 20235 20239 20256 20257 20261 20283 20290 20291 20296 20307 20313 20319 20329 20333 20337 20341 20362 20373 20397 20398 20399 20406 20416 20417 20422 20423 20424 20427 20435 20441 20459 20469 20470 20475 20482 20487 20488 20496 20500 20507 20518 20531 20532 20551 20555 20562 20563 20570 20571 20591 20592 20596 20605 20627 20628 20638 20649 20654 20677 20691 20697 20719 20792 20809 20894 
	}
	manpower=1
	buildings_max_level_factor=1.000
	state_category=pastoral
	local_supplies=0.000
}
