
state={
	id=1250
	name="STATE_1250"

	history={
		owner = ETK
		add_core_of = ETK
		victory_points = {
			119 5 
		}

	}

	provinces={
		119 517 680 1020 1281 1361 1492 1549 1937 1969 2093 2097 2417 2435 2565 2619 2731 2851 2910 3459 3595 3663 4383 4451 5035 5621 5737 5924 6439 6508 6702 6927 7144 7157 7320 7985 8240 8282 8346 8857 9075 9739 11608 11650 11791 11831 11922 11933 12021 12071 12228 12386 12476 14985 15004 15017 17391 17397 17408 17410 17412 
	}
	manpower=1
	buildings_max_level_factor=1.000
	state_category=pastoral
	local_supplies=0.000
}
