state={
	id=1332
	name="STATE_1332"
	provinces={
		352 842 971 1248 1293 1663 1735 2239 2734 2913 3796 4463 4826 5532 6271 6815 7040 7741 9360 9468 10142 10168 10243 18996 19389 19405 19413 19423 19453 19480 19486 19490 19508 19544 19546 19551 19565 19568 19573 19587 19588 19599 19609 19616 19628 19632 19645 19657 19658 19667 19672 19681 19696 19713 19732 19738 19761 19768 19770 19778 19779 19787 19793 19808 19809 19810 19811 19816 19835 19839 19840 19849 19850 19860 19867 19868 19874 19883 19884 19905 19914 19916 19923 19941 19943 19951 19957 19960 19965 19966 19984 19992 20006 20010 20023 20042 20056 20068 20080 20113 
	}
	history={
		owner = NOD
		add_core_of = NOD
		victory_points = {
			19738 2
		}
		buildings = {
			infrastructure = 2
			industrial_complex = 2
			arms_factory = 2
			19738 = {
				supply_node = 1
			}
		}
	}
	manpower=1988506
	state_category=pastoral
	buildings_max_level_factor=1.000
	local_supplies=0.000
}
