state={
	id=1334
	name="STATE_1334"
	provinces={
		166 533 1000 1711 2317 3416 4840 5644 6279 7021 7527 7597 9763 10110 10386 10415 10443 17342 17901 18296 18300 18301 18303 18304 18310 18311 18352 18355 18356 18357 18359 18360 18439 18441 18442 18443 18448 18456 18460 18461 18464 18491 18499 18508 18548 18549 18563 18572 18583 18597 18599 18604 18607 18622 18623 18628 18634 18635 18636 18637 18638 18641 18653 18654 18655 18670 18673 18696 18726 18742 18946 18947 
	}
	history={
		owner = RZD
		add_core_of = RZD
		victory_points = {
			18352 3
		}
		buildings = {
			infrastructure = 2
			industrial_complex = 4
			arms_factory = 2
		}
	}
	manpower=1988506
	state_category=pastoral
	buildings_max_level_factor=1.000
	local_supplies=0.000
}
