state={
	id=1335
	name="STATE_1335"
	provinces={
		20 547 594 600 816 1189 2533 2597 3182 3835 5237 5349 5680 5715 5985 6237 6292 7217 7281 7617 8414 8762 10195 10215 10249 10269 10293 10311 10408 17326 17331 19108 19256 19278 19286 19290 19293 19301 19305 19325 19327 19328 19338 19345 19351 19364 19374 19395 19396 19409 19419 19433 19454 19464 19471 19483 19503 19506 19507 19511 19518 19521 19531 19552 19567 19581 19586 19592 19611 19615 19622 19631 19648 19656 19685 19691 19700 19705 19706 19721 19726 19758 19763 19791 19792 19803 19807 
	}
	history={
		owner = IRK
		add_core_of = IRK
		victory_points = {
			10269 4
		}
		buildings = {
			infrastructure = 2
			industrial_complex = 4
			arms_factory = 2
			10269 = {
				supply_node = 1
			}
		}
	}
	manpower=1988506
	state_category=pastoral
	buildings_max_level_factor=1.000
	local_supplies=0.000
}
