state={
	id=1336
	name="STATE_1336"
	history={
		owner = KRS
		add_core_of = KRS

	}
	provinces={
		210 246 277 834 860 1339 1705 2078 2685 2749 2762 3015 3060 3380 3543 4610 4901 5197 5249 5915 6507 6847 7649 8930 9412 10251 10307 10334 10428 18764 19189 19197 19198 19202 19204 19216 19235 19247 19248 19255 19268 19276 19277 19285 19289 19292 19300 19319 19324 19326 19331 19336 19337 19344 19360 19361 19378 19380 19394 19412 19417 19418 19441 19448 19459 19470 19488 19526 19550 19563 19576 19591 19619 19627 19639 19680 19709 19725 19737 19741 19767 19802 
	}
	manpower=5593186
	buildings_max_level_factor=1.000
	state_category=large_city
	local_supplies=0.000
}
