
state={
	id=1343
	name="STATE_1343"
	provinces={
		677 688 753 829 831 945 1098 1125 1182 1251 1452 1567 1667 1709 1897 2015 2100 2182 2190 2217 2253 2355 2434 2580 2659 2814 2838 2947 2997 3021 3230 3256 3652 4287 4310 4369 4417 4561 4986 4992 5229 5790 5796 6040 6206 6389 6437 6617 7015 7118 7289 7850 7925 7989 8388 8422 9819 9983 9992 10047 10055 10060 10445 11035 11066 18046 21832 
	}
	history={
		owner = GOR
		add_core_of = GOR

	}
	state_category=pastoral
	manpower=1
	buildings_max_level_factor=1.000
	local_supplies=0.000
}
