state={
	id=1344
	name="STATE_1344"
	provinces={
		50 747 1691 1923 4027 4278 6539 7018 9089 10232 18106 18117 19781 19813 19845 19855 19870 19876 19886 19896 19906 19937 19970 19979 19980 19994 20003 20020 20030 20073 20081 20141 20149 20150 20203 20214 20221 20282 21098 21173 21240 21301 21319 21357 21370 21377 21385 21392 21726 21776 21783 21787 21788 21793 
	}
	history={
		owner = EKB
		add_core_of = EKB

	}
	state_category=pastoral
	manpower=1
	buildings_max_level_factor=1.000
	local_supplies=0.000
}
