
state={
	id=140
	name="STATE_140"

	history={
		owner = UST
		add_core_of = UST

	}

	provinces={
		611 795 1258 1484 2103 2748 2804 3014 3191 3315 4049 4088 4461 4573 4719 4755 4859 4956 5013 5823 6306 6575 6904 7110 7443 7912 8347 8881 8980 9007 9046 9391 9420 9610 10276 10338 10344 10348 10349 10355 10370 10385 10401 10413 10466 10494 10502 10535 10595 10644 12693 17253 17257 17261 17263 17268 17883 17886 17889 17896 17899 17908 17911 17913 17922 17925 17938 17940 17941 17945 17949 17952 17960 17962 17966 17970 17974 17977 17978 17985 17989 17991 17994 17997 17998 17999 18002 18007 18014 18018 18021 18034 18036 18042 18044 18045 18047 18049 18051 18053 18069 18070 18077 18078 18084 18085 18086 18102 18119 18120 18129 18152 18160 18161 18242 18912 18916 18918 20457 20569 20604 20678 20690 20776 20823 20830 20977 21017 21030 21044 21101 21666 21678 21686 21690 21691 21693 21697 21698 
	}
	manpower=1
	buildings_max_level_factor=1.000
	state_category=pastoral
	local_supplies=0.000
}
