
state={
	id=147
	name="STATE_147"

	history={
		owner = MSC
		add_core_of = MSC

	}

	provinces={
		44 138 250 275 395 453 509 580 1045 1158 1162 1435 1545 1654 1729 1898 1966 2009 2037 2307 2313 2457 2463 2537 2611 2717 2765 2878 2960 3077 3164 3245 3251 3429 3499 3625 3693 3814 3925 3975 4052 4141 4408 4468 4625 4670 4698 4925 4945 5051 5077 5081 5103 5153 5159 5177 5376 5438 5516 5663 5830 6005 6013 6018 6022 6086 6297 6310 6743 6786 6903 6957 7061 7359 7373 7456 7641 7855 7913 8060 8064 8199 8409 8507 8595 8613 8628 8777 8832 8856 8861 8880 9306 9321 9431 9462 9476 9557 9606 9616 9617 9768 10284 10300 10301 10308 10372 10373 10381 10410 10411 10412 10422 10431 10446 10451 10460 10467 10468 10490 10536 10541 10566 10568 10571 10572 10589 10605 10614 10622 10627 10637 10639 10683 10700 10701 10704 10720 10721 10752 10761 10790 10812 10836 10838 10857 10867 16946 17375 17562 17566 17580 17596 17607 17610 17611 17627 17637 17642 17644 17646 17647 17655 17656 17659 17661 17664 17667 17671 17684 18015 18026 18285 18288 18295 19040 19091 19391 19661 19856 19859 19872 19955 20021 20054 20060 20107 20111 20146 20208 20224 20302 20640 20721 21152 21193 21236 21252 21293 21317 21322 21602 21616 21637 21640 21643 21644 21646 21656 21660 21661 21662 21665 21667 21668 21669 21670 21673 21674 21675 21676 21684 21687 21688 21692 21839 21844 21845 21877 21878 
	}
	manpower=1
	buildings_max_level_factor=1.000
	state_category=pastoral
	local_supplies=0.000
}
