
state={
	id=157
	name="STATE_157"

	history={
		owner = RNG
		add_core_of = RNG

	}

	provinces={
		153 305 322 344 602 650 686 732 880 988 1132 1358 1457 1465 1512 1703 1756 1791 1795 1972 2059 2083 2219 2490 3095 3333 4062 4160 4681 4763 4813 5055 5209 5246 5436 5541 5608 5831 5937 6059 6064 6692 7155 7226 7243 7758 8173 8419 8738 9162 9272 9562 9892 10035 10086 10114 10122 10158 10163 10192 10224 10804 10813 10819 10914 11085 11105 16614 17379 20293 21265 
	}
	manpower=1
	buildings_max_level_factor=1.000
	state_category=pastoral
	local_supplies=0.000
}
