
state={
	id=158
	name="STATE_158"

	history={
		owner = RNG
		add_core_of = RNG

	}

	provinces={
		23 257 433 584 775 780 871 898 901 1393 1510 1873 2144 2308 2574 2869 3304 3388 3555 3836 3853 4003 4143 4899 5134 5180 5466 5632 5867 6159 6469 6808 6992 7077 7160 7759 8176 8484 8578 9833 9856 9950 10045 10050 10129 10148 10475 10479 10551 10650 10849 17350 17995 18037 18914 21290 21314 21828 21830 
	}
	manpower=1
	buildings_max_level_factor=1.000
	state_category=pastoral
	local_supplies=0.000
}
