
state={
	id=159
	name="STATE_159"

	history={
		owner = RNG
		add_core_of = RNG

	}

	provinces={
		81 129 133 618 1340 1477 1764 1856 3052 3059 3371 3547 3672 3683 3695 3897 3993 4075 4173 4652 4654 5085 5118 5198 5341 5449 5605 5716 5960 6324 6380 6448 6475 6642 6670 7012 7145 7506 7655 7709 7952 8155 8467 8757 9751 10081 10099 10128 10904 10963 11007 11018 11050 11064 11092 11093 11200 20629 20659 20668 20669 20698 20702 20726 20734 20750 20765 20815 20824 20836 20858 21147 21151 21204 21225 21228 21237 21266 21267 21276 21280 21288 21294 21296 21302 21315 21320 21321 21337 21339 21374 21450 21462 21464 21471 21475 21478 21484 21498 21501 21505 21510 21515 21516 21520 21525 21529 21536 21537 21539 21543 21555 21558 21567 21574 21578 21588 21590 21593 21603 21609 21612 21613 21619 21622 21628 21629 21630 21645 21813 
	}
	manpower=1
	buildings_max_level_factor=1.000
	state_category=pastoral
	local_supplies=0.000
}
