
state={
	id=160
	name="STATE_160"

	history={
		owner = RNG
		add_core_of = RNG
		add_core_of = RLF

	}

	provinces={
		159 570 751 791 1163 1365 2245 3282 3600 3684 3760 3786 3804 4320 4387 4735 5293 5547 6190 6775 6946 8481 8677 9067 10879 10898 10960 10968 11100 11164 11169 11223 21451 21454 21456 21459 21461 21466 21467 21468 21469 21470 21472 21474 21476 21479 21480 21482 21483 21485 21486 21487 21488 21490 21491 21492 21493 21494 21496 21502 21503 21506 21508 21511 21513 21517 21518 21519 21521 21522 21523 21524 21526 21527 21530 21535 21538 21540 21541 21542 21545 21546 21547 21549 21556 21559 21560 21562 21563 21565 21568 21570 21571 21575 21576 21579 21583 21585 21586 21589 21591 21594 21596 21598 21599 21600 21601 21604 21605 21607 21610 21611 21614 21617 21620 21621 21624 21625 21627 21631 21808 21812 
	}
	manpower=1
	buildings_max_level_factor=1.000
	state_category=pastoral
	local_supplies=0.000
}
