
state={
	id=163
	name="STATE_163"

	history={
		owner = RNG
		add_core_of = RNG

	}

	provinces={
		140 215 360 399 448 499 981 1131 1524 1889 2985 3224 3585 3651 3733 3805 4023 4246 4423 4876 4995 5530 5683 5903 6578 7075 7141 7372 7432 7749 7944 8058 8142 8376 9019 9077 9169 9690 9861 10125 10143 10174 10187 10213 10271 10552 10600 10638 10717 10750 12614 12667 12730 17359 20342 21179 21239 21260 21283 21289 21342 21353 21367 21672 21821 21824 21826 
	}
	manpower=1
	buildings_max_level_factor=1.000
	state_category=pastoral
	local_supplies=0.000
}
