
state={
	id=164
	name="STATE_164"

	history={
		owner = CMD
		add_core_of = CMD

	}

	provinces={
		27 183 185 374 389 430 432 489 496 510 597 615 789 1012 1059 1949 2029 2094 2272 2294 2477 2632 2653 2730 2824 3043 3570 3666 3669 3700 3929 4041 4222 4235 4345 4591 4600 5567 5579 5912 5951 6513 6625 6639 6751 6845 7096 7426 7446 7642 7786 7867 7880 7911 7948 8100 8139 8306 8451 8587 8831 8974 9051 9197 9314 9982 9998 10026 10028 11369 11415 11416 11440 11496 11549 11575 11579 17225 17380 17382 17387 18767 21307 21455 
	}
	manpower=1
	buildings_max_level_factor=1.000
	state_category=pastoral
	local_supplies=0.000
}
