
state={
	id=167
	name="STATE_167"

	history={
		owner = KAZ
		add_core_of = KAZ

	}

	provinces={
		7 292 311 316 783 793 936 1951 2038 2236 2254 3538 3548 3799 3817 4273 5127 5181 5475 5785 6132 7405 7551 7684 8488 8967 8976 9324 9388 10145 10186 10227 11210 11394 11409 11453 15264 20760 20983 21006 21034 21081 21197 21247 21254 21399 21401 21402 21404 21406 21408 21409 21412 21413 21415 21416 21831 21833 
	}
	manpower=1
	buildings_max_level_factor=1.000
	state_category=pastoral
	local_supplies=0.000
}
