
state={
	id=3
	name="STATE_3"

	history={
		owner = RWR
		add_core_of = RWR
		victory_points = {
			6913 5 
		}

	}

	provinces={
		1055 5388 6061 19836 19931 20044 20064 20089 20126 20168 20171 20178 20202 20217 20218 20219 20227 20238 20249 20254 20255 20259 20260 20268 20269 20300 20309 20328 20336 20339 20340 20360 20371 20372 20377 20391 20396 20405 20409 20414 20415 20421 20426 20429 20430 20453 20458 20467 20481 20493 20494 20495 20498 20499 20520 20526 20530 20536 20544 20561 20567 20568 20576 20579 20586 20587 20590 20595 20602 20603 20614 20619 20620 20652 20653 20675 20676 20695 20705 20706 
	}
	manpower=519067
	buildings_max_level_factor=1.000
	state_category=pastoral
	local_supplies=0.000
}
