
state={
	id=30
	name="STATE_30"

	history={
		owner = FRS
		add_core_of = FRS

	}

	provinces={
		29 435 1623 1965 2578 3145 3674 3742 4014 4216 4466 5144 6119 6990 7716 8302 9490 9720 10217 10219 10235 10236 10237 10262 10264 14971 15193 15455 17316 17320 17327 19390 19629 19675 19677 19697 19701 19734 19739 19747 19772 19773 19788 19804 19817 19851 19852 19861 19875 19880 19918 19924 19978 20071 20408 20471 20489 20508 20541 20564 20594 20598 20599 20625 20723 20731 20739 20805 20868 21331 21784 21894 21897 21899 21900 
	}
	manpower=1
	buildings_max_level_factor=1.000
	state_category=pastoral
	local_supplies=0.000
}
