
state={
	id=32
	name="STATE_32"

	history={
		owner = NRU
		add_core_of = NRU

	}

	provinces={
		19476 20299 20305 20332 20335 20352 20383 20390 20425 20448 20452 20466 20474 20505 20506 20517 20540 20546 20550 20554 20559 20560 20585 20589 20601 20637 20646 20647 20650 20651 20658 20665 20666 20667 20671 20674 20685 20717 20725 20729 20736 20741 20752 20757 20761 20767 20773 20774 20778 20784 20789 20790 20798 20799 20803 20806 20810 20812 20819 20820 20851 20854 20855 20859 20861 20885 20886 20889 20900 20901 20925 20926 20927 20949 20954 20973 21000 21021 21026 21791 
	}
	manpower=409245
	buildings_max_level_factor=1.000
	state_category=pastoral
	local_supplies=0.000
}
