
state={
	id=360
	name="STATE_360"

	history={
		owner = UZB
		add_core_of = UZB

	}

	provinces={
		67 197 272 417 456 922 1109 1206 1249 1255 1257 1561 1564 2025 2034 2043 2069 2142 2147 2187 2418 2562 2677 3266 3565 3718 3793 3812 3884 4432 4441 4478 4635 4723 4811 4818 5015 5126 5133 5207 5784 5879 6338 6453 6630 6694 6707 7505 7769 7770 7839 8045 8601 8624 8651 8799 8945 9047 9172 9351 9538 9571 9622 9901 11444 11522 11553 11613 11623 11649 11712 11719 11731 11770 11796 11799 11822 11823 11837 11852 11853 11863 11865 11886 11921 11951 11968 11983 11994 12055 12061 12068 12080 12084 12090 12115 12116 12141 12145 12202 12236 16046 17256 17383 17393 18256 18263 18778 19397 19426 20872 20914 20974 21007 21013 21033 21059 21062 21063 21068 21088 21094 21107 21132 21153 21158 21159 21161 21162 21165 21168 21169 21172 21185 21196 21200 21202 21205 21206 21207 21219 21233 21242 21255 21263 21286 21309 21323 21332 21338 21350 21354 21405 21407 21410 21411 21807 21809 21810 21815 21827 21829 21837 21851 21852 21853 
	}
	manpower=1
	buildings_max_level_factor=1.000
	state_category=pastoral
	local_supplies=0.000
}
