
state={
	id=363
	name="STATE_363"

	history={
		owner = UZB
		add_core_of = UZB

	}

	provinces={
		67 272 922 1249 1561 2147 2187 3266 3812 3884 4635 4723 5126 5133 5207 5784 6707 8601 8624 9172 11731 11863 11865 11921 12061 20974 21007 21013 21033 21059 21062 21063 21068 21088 21094 21107 21158 21159 21161 21162 21168 21169 21172 21185 21200 21205 21206 21219 21242 21263 21807 21827 21829 21853 
	}
	manpower=1
	buildings_max_level_factor=1.000
	state_category=pastoral
	local_supplies=0.000
}
