
state={
	id=371
	name="STATE_371"

	history={
		owner = NRU
		add_core_of = NRU
	}

	provinces={
		458 1568 17306 20179 20180 20181 20187 20188 20189 20197 20198 20201 20205 20226 20232 20237 20241 20266 20267 20286 20289 20295 20304 20308 20317 20318 20331 20338 20347 20351 20359 20370 20395 20413 20420 20440 20447 20456 20472 20473 20479 20480 20497 20519 20525 20529 20542 20543 20549 20553 20573 20584 20609 20618 20624 20632 20635 20644 20645 20657 20664 20684 20689 20704 20712 20740 20756 20783 21790 
	}
	manpower=1
	buildings_max_level_factor=1.000
	state_category=pastoral
	local_supplies=0.000
}
