
state={
	id=374
	name="STATE_374"

	history={
		owner = TMS
		add_core_of = TMS

	}

	provinces={
		141 206 235 368 444 805 868 957 1022 1075 1383 1386 1553 1574 1624 1648 1789 1827 1862 1899 2145 2264 2739 2785 2884 3009 3083 3128 3130 3131 3769 3883 4007 4442 4503 4602 4885 4910 5083 5086 5241 5262 5328 5389 5408 5494 5592 6187 6337 6371 6395 6489 6591 6680 6766 6789 6829 6837 6885 7025 7164 7249 7286 7318 7498 7531 7570 7636 7896 8035 8037 8243 8297 8300 8545 8767 8896 9052 9148 9161 9936 9939 9959 10100 10141 10171 11666 11686 11695 11746 11795 11851 11915 11931 11992 11993 12025 12054 12083 12094 12101 12119 12123 12132 12136 12187 12194 12220 12244 12285 12291 12392 12448 17389 18293 18803 20745 21838 
	}
	manpower=1
	buildings_max_level_factor=1.000
	state_category=pastoral
	local_supplies=0.000
}
