
state={
	id=38
	name="STATE_38"

	history={
		owner = LEN
		add_core_of = LEN

	}

	provinces={
		12 608 884 1185 1467 2252 2800 4368 5208 5343 5407 6084 6887 6925 10119 10140 10147 10157 10170 10194 10197 16555 16646 17226 17227 17232 17250 17321 17324 18261 18268 18276 18280 18281 18283 18299 18305 18306 18309 18312 18314 18316 18321 18335 18344 18347 18350 18375 18377 18384 18386 18393 18402 18411 18414 18421 18431 18967 18974 19093 19138 19156 19504 19582 20597 20641 20642 20672 20700 20747 20759 20781 20782 20787 20818 20840 21724 21725 21777 
	}
	manpower=1875872
	buildings_max_level_factor=1.000
	state_category=pastoral
	local_supplies=0.000
}
