
state={
	id=385
	name="STATE_385"

	history={
		owner = KYR
		add_core_of = KYR

	}

	provinces={
		5 26 265 890 1122 1392 1797 2125 2170 2933 3134 3621 3697 3880 3995 4378 4615 4649 4742 4824 4881 5934 7126 7147 7852 7942 8005 8041 8474 8521 8662 8877 9037 10363 11610 11617 11641 11664 11703 11704 11706 11747 11754 11755 11817 11829 11932 11945 11965 11987 12011 17388 17392 18805 18939 18940 19522 21806 21814 21818 21819 
	}
	manpower=1
	buildings_max_level_factor=1.000
	state_category=pastoral
	local_supplies=0.000
}
