state={
	id=410
	name="STATE_410"
	provinces={
		161 362 385 625 853 876 1018 1049 1119 1150 1319 1362 1902 1996 2060 2400 2407 2443 2799 3100 3159 3313 3339 3523 3696 3731 3763 3792 3815 3885 3977 3981 4332 4492 4515 4584 4647 4724 4760 4900 4985 5117 5276 5382 5398 5423 5468 5641 5684 5827 5866 5921 6834 6844 6870 6890 6983 7406 8695 8886 8924 9130 9166 9237 9691 10792 10841 10882 10908 10964 10969 10975 10978 11026 11030 11073 11086 11184 11294 11311 11357 11374 11419 11423 11449 11477 11524 11532 11545 11667 17365 18801 
	}
	history={
		owner = MON
		add_core_of = MON
	}
	manpower=1
	buildings_max_level_factor=1.000
	state_category=pastoral
	local_supplies=0.000
}
