
state={
	id=454
	name="STATE_454"

	history={
		owner = EKB
		add_core_of = EKB

	}

	provinces={
		1007 1106 1932 3842 3859 6505 10103 14592 19865 19871 19878 19888 19907 19939 19949 19973 19982 20000 20004 20015 20028 20031 20034 20036 20040 20041 20052 20082 20083 20091 20092 20109 20122 20130 20131 20132 20145 20151 20160 20183 20207 20222 20223 20242 20243 20246 20262 20270 20271 20272 20274 20275 20276 20287 20288 20292 20301 20310 20311 20334 20343 20348 20349 20353 20357 20363 20364 20365 20384 20385 20393 20407 20410 20411 20431 20432 20437 20438 20442 20443 20449 20454 20460 20476 20483 20510 20533 20537 20547 
	}
	manpower=1
	buildings_max_level_factor=1.000
	state_category=pastoral
	local_supplies=0.000
}
