
state={
	id=50
	name="STATE_50"

	history={
		owner = RWR
		add_core_of = RWR

	}

	provinces={
		298 6300 7066 17983 20696 20713 20714 20718 20732 20737 20746 20748 20749 20762 20763 20764 20768 20775 20791 20807 20808 20821 20822 20829 20835 20844 20845 20852 20856 20862 20866 20873 20880 20897 20898 20910 20911 20915 20916 20917 20930 20931 20934 20943 20945 20955 20957 20968 20969 20970 20985 20986 20987 21001 21008 21009 21010 21014 21028 21039 21048 21052 21069 21070 21078 21079 21082 21095 21096 21142 21198 
	}
	manpower=1
	buildings_max_level_factor=1.000
	state_category=pastoral
	local_supplies=0.000
}
