
state={
	id=51
	name="STATE_51"

	history={
		owner = RWR
		add_core_of = RWR

	}

	provinces={
		864 872 1685 4229 4798 6503 7218 8716 8946 9201 9286 10229 18149 19593 19612 19630 19659 19668 19686 19694 19702 19708 19715 19735 19748 19769 19784 19789 19794 19795 19796 19812 19819 19828 19842 19862 19890 19891 19902 19911 19929 19930 19944 19989 20013 21211 21297 21298 21710 21712 21714 21716 21717 21718 21721 21722 
	}
	manpower=1
	buildings_max_level_factor=1.000
	state_category=pastoral
	local_supplies=0.000
}
