
state={
	id=55
	name="STATE_55"

	history={
		owner = VER
		add_core_of = VER

	}

	provinces={
		61 68 261 268 437 792 1013 1060 1100 1301 1349 1440 1444 1552 1605 1858 1882 2148 2218 2251 2425 2458 2499 2509 2803 3507 3725 3762 3858 3870 3918 4234 4587 4669 4851 4882 4952 5029 5244 5253 5458 5497 5897 5959 6039 6328 6332 6481 6551 6582 6646 6932 6937 7007 7022 7035 7105 7154 7268 7548 7596 7620 7795 7891 8118 8216 8312 8328 9416 9724 9771 9786 9838 10059 10085 10134 10137 10321 10331 10345 10359 10365 10366 10379 10380 10402 10403 10407 10414 10416 10473 10533 10537 10548 10563 10585 10640 10657 10667 10691 10692 10705 10834 10941 15594 16706 16826 17336 17348 17815 18735 19719 19720 19964 19974 19975 19976 20005 20053 20061 20067 20074 20094 20112 20116 20117 20123 20142 20152 20158 20166 20172 20184 20193 20209 20215 20250 20263 20277 20314 20315 20321 20344 20366 20444 20455 20511 20993 21060 21121 21133 21551 21566 21592 21633 21700 21701 21702 21703 21751 21752 21753 21754 21755 21756 21769 21840 21842 21846 21847 21848 21849 21883 21884 21886 
	}
	manpower=1
	buildings_max_level_factor=1.000
	state_category=pastoral
	local_supplies=0.000
}
