
state={
	id=57
	name="STATE_57"

	history={
		owner = RWR
		add_core_of = RWR

	}

	provinces={
		162 298 329 388 843 864 872 924 1055 1124 1496 1596 1685 1785 1854 2752 2847 2900 2958 3306 3545 3750 3905 4082 4098 4370 4418 4547 4656 4798 4842 5189 5286 5388 5782 6061 6062 6110 6164 6300 6503 6527 6843 6919 6985 7066 7112 7176 7218 7547 7712 8380 8537 8716 8884 8946 9005 9039 9083 9201 9216 9286 9429 10082 10153 10179 10182 10198 10203 10211 10223 10225 10229 10253 10257 10267 10273 10274 10286 10294 10302 10303 10305 10310 10313 10319 10324 10326 10333 10339 10342 10352 10362 15276 17317 17329 17330 17333 17983 18090 18113 18116 18149 19447 19456 19465 19466 19496 19534 19593 19612 19613 19624 19630 19633 19635 19643 19653 19654 19659 19660 19668 19686 19694 19702 19703 19714 19715 19722 19727 19735 19746 19748 19762 19769 19774 19780 19784 19789 19794 19795 19796 19818 19819 19822 19823 19824 19828 19829 19833 19836 19853 19854 19857 19862 19869 19885 19890 19891 19895 19899 19900 19901 19902 19904 19911 19913 19919 19920 19921 19922 19925 19926 19929 19930 19931 19932 19942 19944 19953 19959 19969 19989 19993 19995 19999 20008 20012 20013 20018 20019 20026 20027 20029 20032 20044 20045 20048 20049 20059 20064 20072 20075 20078 20079 20096 20101 20102 20105 20106 20110 20114 20120 20126 20133 20147 20148 20168 20175 20178 20182 20202 20206 20217 20218 20219 20220 20225 20227 20233 20238 20240 20245 20247 20248 20249 20254 20255 20260 20268 20269 20273 20284 20300 20309 20322 20327 20328 20336 20339 20340 20360 20371 20372 20377 20391 20396 20405 20409 20414 20415 20421 20426 20429 20430 20450 20453 20458 20467 20481 20493 20494 20495 20498 20499 20520 20526 20530 20536 20544 20561 20567 20568 20576 20579 20586 20587 20590 20595 20602 20603 20614 20619 20620 20652 20653 20675 20676 20695 20696 20705 20706 20713 20714 20718 20732 20735 20737 20746 20748 20749 20762 20763 20764 20768 20775 20791 20807 20808 20821 20822 20829 20835 20844 20845 20852 20856 20862 20866 20873 20880 20897 20898 20908 20910 20911 20915 20916 20917 20930 20931 20934 20943 20945 20955 20957 20968 20969 20970 20985 20986 20987 21001 21008 21009 21010 21014 21028 21039 21048 21052 21069 21070 21078 21079 21082 21090 21095 21096 21129 21130 21131 21142 21181 21191 21198 21208 21211 21234 21250 21259 21273 21297 21298 21303 21330 21356 21359 21361 21363 21366 21373 21394 21395 21704 21705 21706 21707 21708 21709 21710 21711 21712 21713 21715 21716 21717 21718 21719 21720 21721 21722 21723 21727 21728 21729 21730 21731 21758 21759 21760 21761 21762 21763 21764 21765 21766 21768 21773 21782 21786 21794 21801 21834 21836 21881 21885 21887 21888 21889 21890 21895 21896 
	}
	manpower=1
	buildings_max_level_factor=1.000
	state_category=pastoral
	local_supplies=0.000
}
