
state={
	id=59
	name="STATE_59"

	history={
		owner = EKB
		add_core_of = EKB

	}

	provinces={
		50 747 1691 1923 2008 2346 2460 3422 4027 4278 5256 6118 6539 7018 7183 7470 7592 8627 9089 9417 10201 10220 10221 10232 10242 10248 10270 18087 18092 18097 18100 18106 18117 19625 19650 19687 19723 19749 19764 19765 19781 19790 19797 19813 19845 19855 19858 19863 19870 19876 19877 19886 19896 19906 19937 19970 19979 19980 19994 20003 20020 20030 20073 20081 20141 20149 20150 20203 20214 20221 20282 20306 20374 20378 20394 20418 21098 21173 21240 21301 21319 21357 21370 21377 21385 21392 21726 21776 21783 21787 21788 21792 21793 21795 21796 21797 
	}
	manpower=1
	buildings_max_level_factor=1.000
	state_category=pastoral
	local_supplies=0.000
}
