
state={
	id=61
	name="STATE_61"

	history={
		owner = IMT
		add_core_of = IMT

	}

	provinces={
		500 1342 2448 2547 3194 5433 6435 7643 10256 10268 17328 17334 19427 19428 19457 19461 19516 19528 19541 19570 19574 19589 19594 19598 19601 19602 19614 19636 19644 19651 19698 19711 19716 19728 19736 19742 19782 19785 19814 19837 19846 19847 19882 19892 19948 19963 19972 19981 19997 21115 21798 21799 21800 21802 21803 21805 
	}
	manpower=1
	buildings_max_level_factor=1.000
	state_category=pastoral
	local_supplies=0.000
}
