
state={
	id=62
	name="STATE_62"

	history={
		owner = GAZ
		add_core_of = GAZ

	}

	provinces={
		1007 1106 1932 2486 3842 3859 6505 10103 10183 14592 17299 17301 17310 17311 17312 17314 17315 17322 18039 18052 18066 19799 19801 19825 19865 19871 19878 19887 19888 19897 19907 19912 19915 19927 19938 19939 19947 19949 19954 19971 19973 19982 20000 20004 20009 20014 20015 20028 20031 20033 20034 20036 20040 20041 20050 20051 20052 20065 20066 20082 20083 20090 20091 20092 20097 20109 20115 20121 20122 20127 20128 20129 20130 20131 20132 20136 20145 20151 20157 20160 20176 20183 20191 20192 20199 20207 20222 20223 20234 20235 20239 20242 20243 20246 20256 20257 20261 20262 20270 20271 20272 20274 20275 20276 20283 20287 20288 20290 20291 20292 20296 20301 20307 20310 20311 20313 20319 20329 20333 20334 20337 20341 20343 20348 20349 20353 20357 20362 20363 20364 20365 20373 20384 20385 20393 20397 20398 20399 20406 20407 20410 20411 20416 20417 20422 20423 20424 20427 20431 20432 20435 20437 20438 20441 20442 20443 20449 20454 20459 20460 20469 20470 20475 20476 20482 20483 20487 20488 20496 20500 20501 20507 20510 20514 20518 20521 20522 20531 20532 20533 20537 20547 20551 20555 20562 20563 20570 20571 20575 20580 20581 20591 20592 20596 20605 20606 20611 20612 20627 20628 20630 20638 20639 20649 20654 20655 20660 20661 20670 20677 20680 20683 20691 20697 20699 20703 20707 20715 20719 20720 20727 20730 20733 20742 20751 20753 20754 20758 20769 20771 20779 20780 20786 20792 20793 20794 20795 20796 20804 20809 20814 20816 20825 20826 20846 20848 20853 20857 20863 20874 20875 20876 20878 20881 20882 20883 20887 20890 20894 20895 20902 20903 20907 20912 20913 20918 20922 20923 20928 20932 20938 20939 20940 20946 20958 20959 20964 20965 20966 20975 20976 20978 20988 20990 20991 20994 20997 21002 21003 21011 21016 21023 21029 21035 21040 21041 21043 21049 21053 21054 21057 21061 21065 21071 21075 21084 21085 21089 21091 21092 21097 21099 21100 21109 21110 21111 21116 21119 21124 21125 21126 21134 21135 21143 21144 21145 21149 21150 21154 21155 21170 21174 21175 21176 21177 21178 21183 21184 21186 21187 21188 21189 21194 21195 21203 21212 21214 21215 21217 21224 21229 21230 21231 21235 21238 21241 21243 21248 21249 21253 21256 21257 21271 21275 21277 21278 21281 21284 21292 21299 21300 21304 21305 21306 21311 21312 21313 21318 21324 21327 21328 21333 21334 21340 21341 21344 21355 21358 21360 21362 21364 21365 21371 21379 21383 21384 21387 21400 21743 
	}
	manpower=1
	buildings_max_level_factor=1.000
	state_category=pastoral
	local_supplies=0.000
}
