
state={
	id=63
	name="STATE_63"

	history={
		owner = GAZ
		add_core_of = GAZ

	}

	provinces={
		6201 10056 20501 20514 20521 20522 20534 20575 20580 20581 20588 20606 20611 20612 20630 20639 20655 20660 20661 20662 20680 20699 20703 20715 20720 20730 20733 20751 20754 20758 20771 20777 20779 20780 20796 20825 20826 20867 20876 20878 20882 20883 20890 20903 20907 20918 20923 20928 20939 20940 20946 20966 20978 20988 20991 20994 20997 21003 21011 21016 21023 21029 21041 21043 21049 21053 21054 21057 21061 21065 21071 21091 21099 21110 21111 21116 21125 21134 21135 21143 21144 21150 21154 21155 21175 21176 21177 21183 21186 21194 21203 21212 21215 21217 21229 21230 21231 21248 21299 
	}
	manpower=1
	buildings_max_level_factor=1.000
	state_category=pastoral
	local_supplies=0.000
}
