
state={
	id=64
	name="STATE_64"

	history={
		owner = RNG
		add_core_of = RNG

	}

	provinces={
		1117 1809 2541 3058 4055 5317 6032 7071 7283 8072 9521 9522 9674 9987 10347 10383 10384 10397 15019 17332 19244 19303 19350 19353 19358 19367 19381 19387 19400 19406 19411 19429 19438 19451 19458 19467 19468 19478 19497 19501 19519 19523 19535 19542 19571 19578 19579 19603 19618 19655 19664 19669 19724 19729 19730 19743 19744 19750 19755 19775 19826 19864 20484 21679 21680 21685 
	}
	manpower=1
	buildings_max_level_factor=1.000
	state_category=pastoral
	local_supplies=0.000
}
