
state={
	id=65
	name="STATE_65"

	history={
		owner = NVS
		add_core_of = NVS

	}

	provinces={
		1 296 1727 2014 2256 2554 3002 3427 3453 3614 3907 3948 4060 4256 4426 4585 4796 5613 6245 6649 6934 7695 7711 7892 8827 8972 10292 10306 10325 10328 10357 10371 10399 10423 17335 17338 17339 17340 17343 19210 19219 19220 19232 19239 19245 19261 19263 19274 19281 19283 19291 19306 19307 19310 19311 19322 19333 19340 19341 19354 19359 19362 19383 19392 19410 19414 19415 19430 19431 19460 19473 
	}
	manpower=1
	buildings_max_level_factor=1.000
	state_category=pastoral
	local_supplies=0.000
}
