
state={
	id=66
	name="STATE_66"

	history={
		owner = NVS
		add_core_of = NVS

	}

	provinces={
		291 512 599 1024 1099 2111 2322 2614 2651 2893 3066 3297 3376 3537 3757 4000 5148 5222 5421 5647 5766 6385 6753 7186 7195 7438 7484 7658 7663 8653 9065 9623 9755 10452 10498 10499 10530 10542 10549 10553 10594 10673 10714 10775 17349 17351 17916 19033 19034 19037 19038 19054 19062 19066 19073 19074 19075 19076 19079 19085 19092 19100 19102 19111 19118 19121 19129 19132 19133 19141 19145 19146 19148 19150 19167 19174 19175 19186 19191 19195 19201 19211 19214 19224 19250 19385 19553 19958 20011 20103 20842 21804 
	}
	manpower=1
	buildings_max_level_factor=1.000
	state_category=pastoral
	local_supplies=0.000
}
