
state={
	id=68
	name="STATE_68"

	history={
		owner = TVA
		add_core_of = TVA

	}

	provinces={
		278 519 895 1087 1186 1288 1462 2478 2695 2776 2909 2911 5020 5073 5102 5596 5728 6687 7206 7520 7810 9427 9960 10025 10515 10601 10615 10684 10711 10724 10770 10839 17362 17370 17843 17900 17929 18048 18953 18954 18955 18956 18957 18959 18965 18973 18975 18976 18979 18984 18986 18988 18990 18991 18992 18995 18999 19002 19005 19009 19010 19016 19017 19019 19020 19023 19026 19032 19041 19045 19046 19049 19050 19052 19056 19063 19064 19067 19068 19081 19090 19096 19097 19104 19105 19112 19113 19124 19128 19142 19157 19159 19166 19170 19193 19558 21076 21514 21528 21533 21534 21544 21548 21550 21552 21557 21569 21572 21577 21606 21623 21744 
	}
	manpower=1
	buildings_max_level_factor=1.000
	state_category=pastoral
	local_supplies=0.000
}
