
state={
	id=69
	name="STATE_69"

	history={
		owner = RZD
		add_core_of = RZD

	}

	provinces={
		34 86 166 218 237 247 348 533 612 614 630 716 777 875 1000 1004 1006 1048 1126 1453 1498 1689 1711 1780 1818 1946 1979 2054 2098 2129 2150 2257 2298 2317 2365 2427 2727 3030 3048 3217 3328 3416 3463 3487 3514 3546 3566 3632 3856 4191 4303 4420 4604 4840 4980 4984 4997 5010 5142 5285 5507 5563 5644 5695 5822 6092 6274 6279 6294 6341 6381 6416 6421 6604 6698 6971 7021 7104 7171 7295 7447 7527 7597 8353 8765 9066 9507 9590 9627 9763 9765 9900 10051 10052 10110 10117 10261 10285 10360 10377 10386 10400 10415 10435 10443 10455 10486 10487 10555 10557 10616 10634 10651 10706 17342 17829 17901 17915 17968 18050 18279 18296 18300 18301 18303 18304 18310 18311 18339 18352 18355 18356 18357 18359 18360 18365 18439 18441 18442 18443 18448 18456 18460 18461 18464 18491 18499 18508 18548 18549 18563 18572 18583 18595 18597 18599 18604 18607 18622 18623 18628 18634 18635 18636 18637 18638 18641 18653 18654 18655 18670 18673 18696 18702 18707 18726 18738 18742 18745 18763 18946 18947 18948 18949 18958 18961 18964 18968 18970 18972 18977 18978 18980 18981 18982 18983 18989 18993 18994 18998 19003 19004 19007 19008 19012 19013 19014 19018 19027 19028 19029 19030 19044 19047 19053 19055 19057 19061 19072 19083 19084 19086 19087 19088 19099 19101 19116 19117 19120 19127 19134 19136 19137 19140 19147 19152 19153 19154 19161 19162 19169 19173 19178 19179 19180 19184 19185 19190 19200 19203 19205 19208 19218 19221 19222 19223 19237 19238 19242 19253 19257 19260 19265 19279 19280 19288 19294 19296 19317 19320 19321 19329 19339 19348 19352 19366 19368 19371 19372 19420 19421 19422 19444 19455 19485 19499 19564 21733 21734 
	}
	manpower=1
	buildings_max_level_factor=1.000
	state_category=pastoral
	local_supplies=0.000
}
