
state={
	id=70
	name="STATE_70"

	history={
		owner = RZD
		add_core_of = RZD
		victory_points = {
			21734 4
		}
		buildings = {
			infrastructure = 2
			industrial_complex = 4
			arms_factory = 2
			21734 = {
				supply_node = 1
			}
		}
	}

	provinces={
		34 86 218 237 247 348 436 612 634 716 1004 1453 1780 1818 1979 2054 2129 2150 2298 3030 3048 3328 3856 4191 4303 4420 4604 4930 5010 5137 5285 5507 5695 6092 6294 6341 6381 6416 6421 6698 6717 6971 7104 7295 7447 8353 9507 9627 10117 10226 10250 10261 10285 10377 10435 10487 10555 10634 10651 10654 10718 17915 17968 18279 18339 18365 18595 18702 18707 18738 18745 18763 18811 18948 18949 18958 18961 18964 18968 18970 18972 18977 18978 18980 18982 18993 18994 18998 19003 19008 19012 19013 19014 19021 19028 19029 19030 19047 19051 19055 19057 19061 19070 19072 19087 19088 19107 19116 19117 19136 19137 19147 19152 19153 19162 19169 19180 19184 19185 19190 19203 19208 19218 19221 19238 19242 19260 19265 19280 19288 19317 19329 19339 19352 19366 19368 19371 19372 19420 19421 19422 19444 19455 19485 19499 19564 21734 
	}
	manpower=1988506
	buildings_max_level_factor=1.000
	state_category=pastoral
	local_supplies=0.000
}
