
state={
	id=71
	name="STATE_71"

	history={
		owner = CPU
		add_core_of = CPU
		buildings = {
			infrastructure = 2
			industrial_complex = 4
			17819 = {
				supply_node = 1
			}
			17906 = {
				supply_node = 1
			}
		}
	}
	provinces={
		279 334 758 1335 1390 1447 1832 2331 2451 2535 2756 2923 3088 3179 3368 3881 3973 4111 4485 4553 5170 5336 5476 7574 7940 7993 8810 9796 10693 10740 10823 10858 10909 10971 17345 17352 17353 17356 17779 17780 17781 17782 17784 17787 17789 17790 17793 17795 17797 17798 17800 17801 17805 17808 17809 17811 17813 17816 17819 17821 17822 17824 17825 17826 17828 17830 17833 17836 17837 17838 17839 17840 17842 17845 17849 17850 17852 17853 17854 17858 17859 17860 17862 17863 17865 17866 17867 17868 17870 17872 17874 17875 17878 17881 17882 17890 17891 17894 17897 17903 17906 17907 17909 17910 17912 17914 17917 17918 17921 17923 17924 17926 17927 17928 17931 17932 17934 17935 17937 17939 17944 17946 17947 17948 17951 17955 17956 17957 17958 17959 17963 17964 17965 17967 17969 17971 17972 17973 17975 17976 17979 17981 17986 17987 17988 17992 17993 17996 18000 18001 18003 18004 18013 18020 18025 18035 18040 18054 18055 18060 18061 18063 18067 18068 18071 18072 18074 18079 18081 18083 18089 18096 18153 18941 18942 18943 
	}
	manpower=1988506
	buildings_max_level_factor=1.000
	state_category=pastoral
	local_supplies=0.000
}
