
state={
	id=72
	name="STATE_72"

	history={
		owner = CPU
		add_core_of = CPU

	}

	provinces={
		238 279 334 758 815 878 1335 1389 1390 1447 1832 1851 2124 2331 2432 2451 2535 2721 2756 2903 2923 3088 3148 3179 3204 3368 3881 3973 4111 4242 4485 4553 4617 5170 5260 5336 5476 5786 6477 7574 7940 7993 8001 8560 8810 9784 9796 10417 10439 10503 10628 10693 10740 10823 10858 10909 10971 10993 11057 17345 17352 17353 17356 17751 17753 17754 17755 17756 17757 17763 17764 17769 17770 17772 17777 17779 17780 17781 17782 17784 17787 17789 17790 17793 17795 17797 17798 17800 17801 17805 17808 17809 17811 17813 17816 17819 17821 17822 17824 17825 17826 17828 17830 17833 17836 17837 17838 17839 17840 17842 17845 17849 17850 17852 17853 17854 17858 17859 17860 17862 17863 17865 17866 17867 17868 17870 17872 17874 17875 17878 17881 17882 17884 17885 17890 17891 17894 17897 17903 17906 17907 17909 17910 17912 17914 17917 17918 17921 17923 17924 17926 17927 17928 17931 17932 17934 17935 17937 17939 17944 17946 17947 17948 17951 17955 17956 17957 17958 17959 17963 17964 17965 17967 17969 17971 17972 17973 17975 17976 17979 17981 17986 17987 17988 17992 17993 17996 18000 18001 18003 18004 18013 18020 18025 18035 18040 18054 18055 18060 18061 18063 18067 18068 18071 18072 18074 18079 18081 18083 18089 18096 18101 18103 18104 18107 18111 18114 18121 18124 18126 18132 18148 18153 18154 18155 18159 18165 18175 18181 18294 18315 18318 18319 18322 18323 18326 18327 18328 18333 18336 18337 18338 18340 18341 18348 18351 18361 18362 18366 18372 18374 18376 18378 18381 18383 18387 18388 18390 18394 18397 18398 18403 18406 18412 18413 18415 18417 18419 18424 18426 18428 18437 18941 18942 18943 18944 18945 
	}
	manpower=1
	buildings_max_level_factor=1.000
	state_category=pastoral
	local_supplies=0.000
}
