
state={
	id=73
	name="STATE_73"

	history={
		owner = RIS
		add_core_of = RIS

	}

	provinces={
		55 69 213 269 384 784 813 1056 1178 1346 1407 1416 1479 1489 1597 1601 1672 1917 2213 2378 2399 2402 2520 2524 2602 2627 2672 2823 2896 2919 2995 3033 3309 3346 3477 3531 3577 3680 3781 4047 4064 4105 4372 4548 4779 4789 4790 4904 5028 5041 5560 5692 5720 5815 5906 5944 6334 6415 6512 6650 6719 6723 6803 7045 7050 7084 7535 7821 7826 8255 8260 8283 8492 8675 8898 8931 9133 9207 9393 9463 9681 9831 9873 9989 10074 10080 10108 10146 10154 10165 10169 10176 10231 10329 10335 10388 10406 10426 10523 10532 10539 10540 10578 10672 10685 10729 10895 10923 10932 11013 11055 11407 11429 11457 11465 11567 11628 13155 13387 13512 13520 13602 13780 17752 17812 17857 18289 18782 18935 18938 19039 19674 
	}
	manpower=1988506
	buildings_max_level_factor=1.000
	state_category=pastoral
	local_supplies=0.000
}
