
state={
	id=75
	name="STATE_75"
	history={
		owner = GUL
		add_core_of = GUL
		victory_points = {
			7866 3
		}
		buildings = {
			infrastructure = 3
			industrial_complex = 3
			arms_factory = 2
			7866 = {
				supply_node = 1
			}
		}
	}

	provinces={
		400 553 577 655 746 797 1086 1146 1213 1332 1368 1418 1507 1509 1515 1555 1708 1784 1870 1971 2004 2044 2070 2517 2540 2545 2551 2564 2609 2644 2790 2822 3054 3162 3472 3598 3601 3629 3887 3910 3952 4127 4286 4335 4476 4867 4918 5192 5295 5307 5477 5510 5706 5900 5936 6070 6285 6538 6740 6970 7353 7383 7415 7434 7669 7792 7866 7951 7953 8381 8579 8687 8703 9092 9913 9917 10036 10044 10058 10064 10069 10077 10092 10111 10135 10164 10180 11363 14996 17325 18852 19302 19462 19530 19676 19946 20001 20002 20085 20099 20125 20139 20173 20196 20228 20264 20280 20316 20323 20345 20346 20350 20356 20375 20388 20389 20412 20419 20434 20436 20446 20464 20478 20485 20491 20502 20512 20515 20527 20539 20556 20565 20566 20577 20578 20600 20616 20617 20621 20622 20631 20633 20679 20682 20686 20701 20772 21106 21118 21906 21907 21908 21909 21910 
	}
	manpower=1988506
	buildings_max_level_factor=1.000
	state_category=pastoral
	local_supplies=0.000
}
