
state={
	id=76
	name="STATE_76"

	history={
		owner = GUL
		add_core_of = GUL
		add_core_of = CUM

	}

	provinces={
		21 229 407 410 606 673 820 1168 1225 1463 1716 1731 2333 4009 4350 4756 6354 8589 9946 10003 10019 10022 10038 10064 10066 10084 20159 20229 20258 20346 20368 20376 20381 20464 20491 20503 20504 20509 20515 20516 20523 20524 20552 20557 20572 20600 20608 20622 20634 20673 20687 20688 20728 20744 20755 20788 20811 20833 20884 
	}
	manpower=1
	buildings_max_level_factor=1.000
	state_category=pastoral
	local_supplies=0.000
}
