
state={
	id=77
	name="STATE_77"

	history={
		owner = GUL
		add_core_of = GUL
		victory_points = {
			20802 2
		}
		buildings = {
			infrastructure = 2
			industrial_complex = 2
			arms_factory = 2
			20802 = {
				supply_node = 1
			}
		}
	}

	provinces={
		282 495 707 779 1147 1824 1841 1904 1993 2112 2330 2333 2406 3236 4152 4467 4748 5196 6180 6555 6876 8268 8629 9531 9799 9978 9988 10019 10022 10033 19031 19370 19475 20465 20492 20528 20535 20558 20582 20583 20610 20613 20623 20626 20663 20693 20708 20709 20710 20711 20716 20724 20744 20755 20766 20800 20801 20802 20811 20817 20828 20832 20833 20834 20838 20839 20841 20843 20860 20864 20865 20869 20870 20871 20877 20884 20888 20892 20899 20905 20906 20909 20919 20920 20921 20924 20929 20933 20936 20937 20942 20947 20948 20951 20952 20953 20960 20961 20962 20963 20967 20972 20980 20981 20982 20984 20992 20995 20996 20999 21004 21005 21012 21020 21025 21031 21032 21037 21038 21042 21045 21050 21051 21056 21064 21074 21077 21083 21086 21087 21093 21102 21103 21104 21112 21117 21120 21122 21137 21140 21148 21156 21157 21160 21167 21171 21180 21199 21210 21218 21226 21261 21274 21279 21308 21352 
	}
	manpower=1988506
	buildings_max_level_factor=1.000
	state_category=pastoral
	local_supplies=0.000
}
