
state={
	id=78
	name="STATE_78"

	history={
		owner = NVS
		add_core_of = NVS

	}

	provinces={
		676 1221 1419 1955 2192 2473 2592 3110 3288 4291 4318 4577 4834 4913 5053 6511 7100 9769 10127 10155 10161 10202 10233 10234 10254 10265 10317 11939 19401 19425 19494 19500 19502 19505 19513 19517 19520 19566 19572 19575 19595 19604 19626 19637 19665 19678 19679 19683 19689 19704 19717 19740 19756 19757 19766 19776 19798 19815 19820 19830 19831 19832 19838 19898 19933 20062 20124 20169 20681 21216 21232 21732 
	}
	manpower=1
	buildings_max_level_factor=1.000
	state_category=pastoral
	local_supplies=0.000
}
