
state={
	id=79
	name="STATE_79"

	history={
		owner = NVS
		add_core_of = NVS

	}

	provinces={
		33 1318 2356 2643 3257 3375 3414 3550 4315 4837 6257 6658 6968 7189 8514 8747 9465 10048 10314 10350 10376 10458 10507 10558 19149 19151 19181 19199 19206 19230 19233 19234 19243 19251 19264 19273 19282 19287 19304 19318 19335 19347 19369 19373 19382 19402 19407 19432 19439 19440 19474 21746 21747 21748 21749 21750 
	}
	manpower=1
	buildings_max_level_factor=1.000
	state_category=pastoral
	local_supplies=0.000
}
