
state={
	id=81
	name="STATE_81"

	history={
		owner = IRK
		add_core_of = IRK

	}

	provinces={
		20 101 244 492 534 547 585 594 600 771 796 816 1112 1189 1265 1324 1543 1696 1726 1748 1820 1918 2121 2164 2214 2503 2530 2533 2597 2598 2679 2811 2902 3010 3182 3185 3254 3258 3321 3561 3801 3835 3877 3943 4159 4429 4559 4581 5039 5131 5237 5349 5372 5380 5424 5434 5653 5680 5715 5985 6048 6237 6292 6916 7010 7217 7281 7290 7468 7617 7680 7720 7831 7917 8375 8413 8414 8762 9036 9876 10159 10172 10178 10184 10185 10195 10205 10215 10249 10258 10269 10293 10311 10408 10453 10511 10564 10579 10590 10596 10645 10791 17238 17254 17326 17331 17902 18936 18997 19006 19011 19022 19036 19043 19048 19059 19060 19078 19082 19095 19106 19108 19114 19123 19125 19126 19131 19143 19160 19171 19172 19177 19209 19212 19226 19228 19236 19240 19256 19262 19278 19286 19290 19293 19301 19305 19325 19327 19328 19338 19345 19351 19364 19374 19375 19395 19396 19403 19404 19409 19419 19424 19433 19443 19454 19464 19471 19479 19483 19484 19489 19503 19506 19507 19511 19518 19521 19531 19540 19543 19552 19567 19581 19586 19592 19608 19611 19615 19622 19631 19648 19652 19656 19685 19691 19692 19700 19705 19706 19707 19712 19721 19726 19752 19753 19758 19763 19783 19786 19791 19792 19803 19807 19834 19844 19935 20076 21735 21736 21745 
	}
	manpower=1
	buildings_max_level_factor=1.000
	state_category=pastoral
	local_supplies=0.000
}
