
state={
	id=82
	name="STATE_82"

	history={
		owner = KRS
		add_core_of = KRS

	}

	provinces={
		37 91 145 438 636 762 948 1063 1627 2022 2358 2755 3294 3392 3982 4011 4802 5211 5685 5688 7312 7409 8485 8689 8911 9082 9730 9759 10266 10295 10297 17337 17794 19089 19098 19103 19110 19122 19130 19139 19164 19165 19182 19188 19192 19207 19215 19225 19231 19241 19249 19254 19259 19267 19271 19275 19284 19295 19309 19312 19313 19315 19316 19323 19330 19356 19384 19393 19408 19416 19435 19452 19469 19498 19514 19525 19539 19545 19547 19562 19580 19596 19597 19605 19666 19671 19684 19690 19731 19760 21738 21739 21740 21741 
	}
	manpower=1
	buildings_max_level_factor=1.000
	state_category=pastoral
	local_supplies=0.000
}
