
state={
	id=83
	name="STATE_83"

	history={
		owner = NOD
		add_core_of = NOD

	}

	provinces={
		6 82 128 150 222 254 258 352 416 424 521 528 551 559 607 610 718 768 842 844 971 1008 1127 1235 1248 1270 1293 1377 1575 1655 1663 1735 1826 1945 2133 2197 2239 2285 2292 2363 2496 2515 2655 2734 2862 2889 2912 2913 2970 3285 3311 3314 3366 3588 3646 3648 3758 3796 3839 3882 3960 4373 4463 4482 4592 4683 4701 4732 4773 4826 4835 5136 5240 5300 5367 5392 5532 5543 5591 5622 5676 5864 6083 6189 6216 6271 6400 6462 6535 6648 6746 6815 7006 7040 7259 7389 7741 8008 8029 8146 8360 8387 8438 8463 8685 8802 9097 9116 9151 9240 9360 9397 9468 9766 9785 9787 9904 9927 9962 10023 10043 10063 10075 10076 10083 10088 10090 10097 10098 10106 10115 10142 10168 10177 10243 11317 11336 11364 11368 12013 17919 18249 18250 18255 18259 18260 18262 18264 18269 18271 18275 18277 18278 18284 18734 18771 18780 18785 18913 18996 19389 19405 19413 19423 19449 19453 19472 19480 19486 19490 19492 19508 19544 19546 19551 19554 19559 19565 19568 19573 19583 19587 19588 19599 19609 19616 19628 19632 19645 19657 19658 19663 19667 19672 19681 19682 19696 19713 19732 19733 19738 19761 19768 19770 19778 19779 19787 19793 19808 19809 19810 19811 19816 19835 19839 19840 19841 19849 19850 19860 19867 19868 19874 19883 19884 19894 19905 19914 19916 19917 19923 19941 19943 19951 19957 19960 19965 19966 19984 19986 19992 19998 20006 20007 20010 20023 20024 20025 20042 20047 20055 20056 20057 20058 20068 20077 20080 20084 20098 20108 20113 20138 20143 20144 20162 20163 20185 20186 20210 20211 20212 20213 20216 20236 20252 20278 20279 20285 20294 20298 20354 20355 20367 20380 20387 20392 20428 20433 20461 20462 20463 20477 20538 21163 21903 21904 21905 
	}
	manpower=1
	buildings_max_level_factor=1.000
	state_category=pastoral
	local_supplies=0.000
}
