
state={
	id=94
	name="STATE_94"

	history={
		owner = NRS
		add_core_of = NRS

	}

	provinces={
		239 321 390 764 955 1130 1421 1513 1658 1721 1973 2282 2303 2523 2586 2859 2977 2984 3407 3665 3767 3833 4113 4155 4207 4450 4460 4487 4754 5036 5239 5250 5366 5403 5834 5889 6046 6133 6231 6320 6638 6973 7080 7420 7559 7562 7572 7605 8026 8533 8866 8997 9144 9308 9591 9709 9714 9842 10821 10833 10881 10896 10903 10907 10935 10953 10974 11014 11039 11042 11047 11069 11072 11110 11118 11141 11148 11151 11154 11156 11178 11209 11254 11258 11260 11383 18966 19069 19094 20155 20361 20513 20636 20694 20770 20813 20879 20893 20896 21015 21245 21291 21489 21495 21580 
	}
	manpower=1
	buildings_max_level_factor=1.000
	state_category=pastoral
	local_supplies=0.000
}
