
state={
	id=95
	name="STATE_95"

	history={
		owner = GUL
		add_core_of = GUL

	}

	provinces={
		149 196 232 270 282 313 411 495 553 655 694 746 779 797 809 1030 1069 1086 1107 1142 1146 1213 1332 1507 1509 1515 1555 1708 1824 1841 1870 1904 2070 2112 2309 2406 2540 2545 2551 2609 2644 2790 2822 3054 3162 3220 3352 3472 3598 3601 3629 3753 3778 3887 3910 3994 4127 4335 4467 4476 4748 4867 5225 5266 5295 5307 5510 5706 5900 5918 5936 6070 6191 6285 6538 6555 6970 6976 7055 7294 7353 7383 7434 7487 7669 7707 7792 7951 7953 8268 8381 8579 8629 8687 8703 9092 9531 9601 9799 9978 9988 10036 10044 10058 10069 10077 10109 10132 10180 10255 10283 10288 10330 11363 15047 17325 18852 19024 19031 19135 19163 19183 19194 19213 19227 19266 19269 19270 19272 19297 19302 19314 19332 19342 19349 19355 19357 19377 19386 19446 19450 19462 19475 19477 19481 19493 19495 19512 19527 19533 19548 19549 19555 19607 19617 19634 19642 19673 19676 20037 20043 20086 20087 20134 20167 20230 20244 20253 20264 20265 20280 20303 20316 20323 20324 20330 20345 20350 20356 20375 20382 20388 20389 20401 20402 20403 20412 20419 20434 20436 20446 20465 20478 20485 20486 20492 20502 20512 20527 20535 20539 20556 20558 20565 20566 20577 20578 20616 20617 20621 20631 20633 20679 20682 20686 20701 20708 20724 20772 20800 20817 20828 20832 20838 20841 20864 20869 20888 20892 20905 20909 20919 20924 20936 20937 20942 20947 20951 20952 20960 20961 20962 20963 20967 20972 20980 20992 20995 20996 20999 21004 21012 21020 21025 21031 21032 21037 21038 21042 21045 21050 21051 21056 21064 21074 21077 21083 21086 21087 21102 21103 21104 21106 21112 21117 21118 21120 21122 21137 21140 21148 21156 21157 21160 21167 21171 21180 21199 21210 21218 21226 21261 21274 21279 21308 21352 21850 21906 21907 21908 21909 21910 
	}
	manpower=567835
	buildings_max_level_factor=1.000
	state_category=pastoral
	local_supplies=0.000
}
