
state={
	id=96
	name="STATE_96"

	history={
		owner = RIS
		add_core_of = RIS
		buildings = {
			infrastructure = 3
			industrial_complex = 4
			13602 = {
				supply_node = 1
			}
		}
	}

	provinces={
		1479 1601 1917 2213 2378 2823 3531 4105 4372 4790 5041 6719 6723 7045 7535 7821 7826 8255 8260 8283 8492 8675 8898 8931 9133 9393 9681 9831 9873 9989 10074 10080 10108 10146 10154 10165 10169 10176 10231 10329 10335 10388 10406 10426 10523 10532 10539 10540 10578 10672 10685 10729 10895 10923 10932 11013 11055 13155 13387 13512 13602 13780 17752 17812 17857 18289 18782 18935 18938 19039 19674 
	}
	manpower=1
	buildings_max_level_factor=1.000
	state_category=pastoral
	local_supplies=0.000
}
