state={
	id=1355
	name="STATE_1355"
	history={
		owner = NOD
		add_core_of = NOD
		victory_points = {
			1248 1
		}

	}
	provinces={
		1248 1293 2239 2734 2913 3588 4826 5622 7040 7741 9360 10168 19453 19565 19632 19645 19658 19672 19696 19732 19738 19761 19768 19770 19787 19793 19808 19809 19810 19811 19816 19835 19840 19850 19860 19867 19868 19874 19884 19894 19905 19914 19916 19917 19941 19943 19984 19986 20006 20010 20042 20084 
	}
	state_category=pastoral
    manpower=1
	buildings_max_level_factor=1.000
	local_supplies=0.000
}
